time,open,high,low,close,volume
2026-04-14 18:06:15,265.0000,245.0000,257.5000,258.2300,4.7900
2026-04-14 18:30:30,265.0000,245.0000,257.5000,258.8100,4.7500
2026-04-14 19:00:28,265.0000,245.0000,257.5000,258.1500,4.0800
2026-04-14 19:30:28,265.0000,245.0000,257.5000,258.2600,4.6900
2026-04-14 20:00:30,265.0000,245.0000,257.5000,258.5100,4.6600
2026-04-15 06:05:04,265.0000,245.0000,257.5000,258.6000,4.6600
2026-04-15 10:47:36,265.0000,255.0000,257.5000,258.6200,4.6600
2026-04-15 10:53:48,265.0000,255.0000,257.5000,258.6200,4.6600
2026-04-15 10:57:45,265.0000,255.0000,257.5000,258.6200,4.6600
2026-04-15 13:00:13,265.0000,255.0000,257.5000,258.4000,4.6600
2026-04-15 13:30:27,265.0000,255.0000,257.5000,258.0200,4.6500
2026-04-15 14:00:28,265.0000,255.0000,257.5000,258.7500,4.4200
2026-04-15 14:30:29,265.0000,255.0000,257.5000,260.0500,4.9400
2026-04-15 15:00:25,265.0000,255.0000,257.5000,261.2700,5.2100
2026-04-15 15:30:24,265.0000,255.0000,257.5000,263.4700,5.3000
2026-04-15 16:00:25,265.0000,255.0000,257.5000,263.7200,5.2700
2026-04-15 16:30:25,270.0000,255.0000,257.5000,265.2900,5.3900
2026-04-15 17:00:28,265.0000,255.0000,257.5000,264.9000,5.3500
2026-04-15 17:30:27,270.0000,245.0000,257.5000,265.5800,5.3200
2026-04-15 18:00:24,265.0000,255.0000,257.5000,264.6800,4.9600
2026-04-15 18:30:26,270.0000,255.0000,257.5000,265.0500,5.2400
2026-04-15 19:00:31,270.0000,255.0000,257.5000,265.5600,5.3000
2026-04-15 19:30:29,270.0000,255.0000,257.5000,265.4500,5.1000
2026-04-15 20:00:29,270.0000,255.0000,257.5000,265.7400,5.2700
2026-04-16 11:00:09,270.0000,245.0000,260.0000,266.9600,4.8600
2026-04-16 13:00:11,270.0000,245.0000,260.0000,267.9500,4.8800
2026-04-16 13:30:21,270.0000,245.0000,260.0000,267.5000,4.8700
2026-04-16 14:00:20,265.0000,255.0000,260.0000,262.8900,6.3600
2026-04-16 14:30:22,265.0000,255.0000,260.0000,262.3300,6.2100
2026-04-16 15:00:26,265.0000,255.0000,260.0000,262.1000,5.8500
2026-04-16 15:30:26,265.0000,255.0000,260.0000,262.4800,5.8800
2026-04-16 16:00:21,265.0000,255.0000,260.0000,262.8200,5.5100
2026-04-16 16:30:22,265.0000,255.0000,260.0000,264.0600,5.6700
2026-04-16 17:00:24,265.0000,255.0000,260.0000,264.0400,5.4100
2026-04-16 17:30:26,265.0000,255.0000,260.0000,263.4800,5.3800
2026-04-16 18:00:28,265.0000,255.0000,260.0000,263.7400,5.3700
2026-04-16 18:30:27,265.0000,255.0000,260.0000,263.9000,5.3100
2026-04-16 19:00:28,265.0000,255.0000,260.0000,264.1000,5.1900
2026-04-16 19:30:28,265.0000,255.0000,260.0000,264.2000,4.9200
2026-04-16 20:00:25,265.0000,255.0000,260.0000,263.7600,5.0600
2026-04-17 08:51:46,265.0000,257.5000,262.5000,264.0700,4.0300
2026-04-17 09:12:09,265.0000,257.5000,262.5000,264.0700,4.0300
2026-04-17 09:17:16,265.0000,257.5000,262.5000,264.0700,4.0300
2026-04-17 09:21:30,265.0000,257.5000,262.5000,264.9800,4.1300
2026-04-17 10:49:09,270.0000,257.5000,262.5000,265.4400,4.1400
2026-04-17 10:50:25,270.0000,
2026-04-17 17:00:32,272.5000,245.2026-04-17 12:58:47,270.0000,257.5000,262.5000,267.5100,5.2000
2026-04-17 13:00:08,270.0000,257.5000,262.5000,267.4700,5.2000
2026-04-17 13:00:23,270.0000,257.5000,262.5000,267.4700,5.2000
2026-04-17 13:01:48,270.0000,257.5000,262.5000,267.5000,4.9500
2026-04-17 13:05:01,270.0000,257.5000,262.5000,268.0500,4.9600
2026-04-17 13:30:25,270.0000,257.5000,262.5000,267.9700,4.9600
2026-04-17 13:48:30,270.0000,245.0000,262.5000,267.3100,9.1000
2026-04-17 13:55:46,270.0000,245.0000,262.5000,267.9200,8.3900
2026-04-17 13:57:41,270.0000,245.0000,262.5000,267.8000,7.1800
2026-04-17 14:00:06,270.0000,245.0000,262.5000,268.1100,8.4100
2026-04-17 14:00:28,270.0000,245.0000,262.5000,268.1100,8.4100
2026-04-17 14:01:17,270.0000,245.0000,262.5000,267.8200,8.0200
2026-04-17 14:03:56,270.0000,245.0000,262.5000,268.0500,8.3200
2026-04-17 14:04:36,270.0000,245.0000,262.5000,268.4800,7.0000
2026-04-17 14:07:55,270.0000,245.0000,262.5000,268.6700,8.2700
2026-04-17 14:15:01,270.0000,245.0000,262.5000,268.9000,7.6300
2026-04-17 14:16:00,270.0000,245.0000,262.5000,268.7500,7.6600
2026-04-17 14:19:55,270.0000,245.0000,262.5000,269.0400,8.2700
2026-04-17 14:22:53,270.0000,245.0000,262.5000,268.7500,7.2700
2026-04-17 14:24:36,270.0000,245.0000,262.5000,268.5700,7.1500
2026-04-17 14:30:24,270.0000,245.0000,262.5000,268.8600,6.8600
2026-04-17 14:30:25,270.0000,245.0000,262.5000,268.8600,6.8600
2026-04-17 14:33:32,270.0000,245.0000,262.5000,269.3400,7.7200
2026-04-17 14:34:03,270.0000,245.0000,262.5000,268.9000,6.9600
2026-04-17 14:38:09,270.0000,245.0000,262.5000,269.1500,8.0400
2026-04-17 14:48:46,270.0000,245.0000,262.5000,269.1200,7.9800
2026-04-17 14:50:49,270.0000,245.0000,262.5000,269.3300,7.0900
2026-04-17 14:59:04,270.0000,245.0000,262.5000,269.6700,6.6800
2026-04-17 15:00:26,270.0000,245.0000,262.5000,269.8700,6.9900
2026-04-17 15:00:28,270.0000,245.0000,262.5000,269.8700,6.9900
2026-04-17 15:05:40,272.5000,245.0000,262.5000,270.3600,7.0200
2026-04-17 15:06:02,272.5000,245.0000,262.5000,270.3600,7.0200
2026-04-17 15:08:12,272.5000,245.0000,262.5000,270.3400,5.8700
2026-04-17 15:12:30,270.0000,245.0000,262.5000,269.8200,6.9500
2026-04-17 15:12:56,270.0000,245.0000,262.5000,269.8700,6.6200
2026-04-17 15:16:08,272.5000,245.0000,262.5000,270.2500,7.3200
2026-04-17 15:17:33,272.5000,245.0000,262.5000,270.4100,6.8100
2026-04-17 15:19:22,272.5000,245.0000,262.5000,271.2000,7.0100
2026-04-17 15:24:51,272.5000,245.0000,262.5000,271.5100,6.9000
2026-04-17 15:30:31,272.5000,245.0000,262.5000,271.5300,7.4900
2026-04-17 15:30:32,272.5000,245.0000,262.5000,271.5300,7.4900
2026-04-17 15:31:42,272.5000,245.0000,262.5000,271.7900,7.3800
2026-04-17 15:32:18,272.5000,245.0000,262.5000,271.7900,7.3800
2026-04-17 15:33:59,272.5000,245.0000,262.5000,271.8600,6.4100
2026-04-17 15:45:14,272.5000,245.0000,262.5000,271.9300,6.8100
2026-04-17 15:46:52,272.5000,245.0000,262.5000,272.0300,8.1000
2026-04-17 15:51:09,272.5000,245.0000,262.5000,272.0500,7.5200
2026-04-17 15:51:53,272.5000,245.0000,262.5000,272.1500,7.7500
2026-04-17 15:55:17,272.5000,245.0000,262.5000,272.0500,8.1500
2026-04-17 15:58:27,272.5000,245.0000,262.5000,271.7400,8.4600
2026-04-17 15:59:59,272.5000,245.0000,262.5000,271.4200,8.9600
2026-04-17 16:00:25,272.5000,245.0000,262.5000,271.4200,8.9600
2026-04-17 16:01:11,272.5000,245.0000,262.5000,271.4400,7.3600
2026-04-17 16:25:04,272.5000,245.0000,262.5000,271.2000,7.4600
2026-04-17 16:30:26,272.5000,245.0000,262.5000,271.3800,7.7400
2026-04-17 16:30:28,272.5000,245.0000,262.5000,271.3800,7.7400
2026-04-17 16:42:18,272.5000,245.0000,262.5000,271.4600,9.3800
2026-04-17 16:45:35,272.5000,245.0000,262.5000,271.5400,8.5800
2026-04-17 16:46:25,272.5000,245.0000,262.5000,271.6100,9.4500
2026-04-17 16:49:10,272.5000,245.0000,262.5000,271.6000,7.3400
2026-04-17 16:56:33,272.5000,245.0000,262.5000,271.6200,8.3700
2026-04-17 17:00:32,272.5000,245.0000,262.5000,271.4700,8.2400
2026-04-17 17:05:03,272.5000,245.0000,262.5000,271.1800,8.0600
2026-04-17 17:15:47,272.5000,245.0000,262.5000,270.9600,6.8500
2026-04-17 17:30:29,272.5000,245.0000,262.5000,271.0900,7.9000
2026-04-17 18:00:30,272.5000,245.0000,262.5000,270.4400,8.8600
2026-04-17 18:30:31,270.0000,245.0000,262.5000,269.9400,7.3200
2026-04-17 19:00:30,272.5000,245.0000,262.5000,270.5400,9.2100
2026-04-17 19:30:27,270.0000,245.0000,262.5000,269.6500,9.0000
2026-04-17 20:00:26,272.5000,245.0000,262.5000,270.3900,13.6200
2026-04-20 08:40:05,280.0000,250.0000,257.5000,270.7500,4.0500
2026-04-20 13:10:26,280.0000,255.0000,260.0000,269.7100,4.0100
2026-04-20 13:27:40,280.0000,255.0000,260.0000,270.0500,4.0100
2026-04-20 13:30:29,280.0000,255.0000,260.0000,269.8100,4.0100
2026-04-20 13:52:05,280.0000,255.0000,260.0000,272.4400,5.1500
2026-04-20 14:00:29,280.0000,255.0000,260.0000,272.4400,5.0800
2026-04-20 14:27:21,280.0000,255.0000,260.0000,273.7800,4.9400
2026-04-20 14:30:24,280.0000,255.0000,260.0000,273.3000,4.7900
2026-04-20 14:44:36,280.0000,255.0000,260.0000,273.3500,4.9100
2026-04-20 15:00:26,280.0000,255.0000,260.0000,272.6600,4.8100
2026-04-20 15:30:23,280.0000,255.0000,260.0000,271.8400,4.9500
2026-04-20 16:00:27,280.0000,255.0000,260.0000,272.3600,4.8900
2026-04-20 16:30:25,280.0000,255.0000,260.0000,272.3200,4.8300
2026-04-20 17:00:17,280.0000,255.0000,260.0000,272.8900,4.8800
2026-04-20 17:30:24,280.0000,255.0000,260.0000,272.2600,4.8100
2026-04-20 18:00:31,280.0000,255.0000,260.0000,272.5000,4.8400
2026-04-20 18:30:27,280.0000,255.0000,260.0000,273.4200,4.9600
2026-04-20 18:33:12,280.0000,255.0000,260.0000,273.5200,4.9800
2026-04-20 19:00:24,280.0000,255.0000,260.0000,273.1400,4.8600
2026-04-20 19:30:24,280.0000,255.0000,260.0000,273.1500,4.7900
2026-04-20 20:00:31,280.0000,255.0000,260.0000,272.4500,4.7600
2026-04-21 08:12:55,280.0000,255.0000,260.0000,271.5500,4.7300
2026-04-21 08:44:11,280.0000,255.0000,260.0000,271.5500,4.7300
2026-04-21 11:31:23,280.0000,255.0000,260.0000,272.5200,4.8100
2026-04-21 13:00:14,280.0000,255.0000,260.0000,271.3000,4.7500
2026-04-21 13:30:29,280.0000,255.0000,260.0000,271.0300,4.7600
2026-04-21 14:00:30,280.0000,255.0000,260.0000,271.2900,5.0300
2026-04-21 14:30:29,280.0000,255.0000,260.0000,270.7200,4.5300
2026-04-21 15:00:27,275.0000,255.0000,260.0000,269.4900,5.0400
2026-04-21 15:18:32,275.0000,255.0000,260.0000,268.7500,4.7600
2026-04-21 15:30:29,275.0000,255.0000,260.0000,268.9400,5.0100
2026-04-21 16:00:27,270.0000,255.0000,260.0000,267.4800,4.8200
2026-04-21 16:30:25,270.0000,255.0000,260.0000,266.1300,4.9000
2026-04-21 17:00:28,270.0000,255.0000,260.0000,265.5200,5.1100
2026-04-21 17:30:32,270.0000,255.0000,260.0000,266.5400,5.3000
2026-04-21 18:00:33,270.0000,255.0000,260.0000,266.6400,5.0400
2026-04-21 18:30:30,270.0000,255.0000,260.0000,266.7900,5.3200
2026-04-21 19:00:31,270.0000,255.0000,260.0000,267.2800,5.3000
2026-04-21 19:30:33,275.0000,255.0000,260.0000,268.0100,5.0800
2026-04-21 20:00:31,270.0000,255.0000,260.0000,266.2300,5.0400
2026-04-22 07:44:12,270.0000,255.0000,260.0000,267.6500,4.3200
2026-04-22 13:00:13,275.0000,255.0000,265.0000,267.3500,4.4800
2026-04-22 13:30:38,275.0000,255.0000,265.0000,267.1500,4.4700
2026-04-22 14:00:37,275.0000,255.0000,265.0000,268.4000,5.2200
2026-04-22 14:30:28,275.0000,255.0000,265.0000,270.5800,5.1000
2026-04-22 15:35:50,275.0000,255.0000,265.0000,272.1700,5.2500
2026-04-22 16:00:27,275.0000,255.0000,265.0000,272.8100,5.1900
2026-04-22 16:30:23,275.0000,255.0000,265.0000,273.0300,4.9700
2026-04-22 17:00:26,275.0000,255.0000,265.0000,272.7000,4.8100
2026-04-22 17:30:30,275.0000,255.0000,265.0000,273.1100,4.8700
2026-04-22 18:00:27,275.0000,255.0000,265.0000,273.5800,5.1100
2026-04-22 18:30:27,275.0000,255.0000,265.0000,273.2900,5.0300
2026-04-22 19:00:30,275.0000,255.0000,265.0000,272.3600,4.0900
2026-04-22 19:30:30,275.0000,255.0000,265.0000,272.2800,4.5900
2026-04-22 20:00:30,275.0000,255.0000,265.0000,272.8500,5.0000
2026-04-23 08:21:36,275.0000,255.0000,265.0000,272.8600,4.9600
2026-04-23 09:24:16,280.0000,267.5000,270.0000,272.2700,4.9900
2026-04-23 13:00:15,280.0000,267.5000,270.0000,274.6000,5.0000
2026-04-23 13:30:28,280.0000,267.5000,270.0000,274.9800,4.9700
2026-04-23 13:42:29,275.0000,110.0000,nan,274.7000,nan
2026-04-23 14:00:29,280.0000,267.5000,270.0000,273.4100,5.5900
2026-04-23 14:30:30,280.0000,267.5000,270.0000,274.1300,5.1200
2026-04-23 15:00:28,275.0000,267.5000,270.0000,273.6400,5.2600
2026-04-23 15:30:28,275.0000,267.5000,270.0000,273.2900,4.3200
2026-04-23 16:00:30,275.0000,267.5000,270.0000,273.4400,4.3400
2026-04-23 16:30:29,275.0000,267.5000,270.0000,273.3700,4.3800
2026-04-23 17:00:28,275.0000,267.5000,270.0000,273.1300,3.9300
2026-04-23 17:30:26,275.0000,267.5000,270.0000,272.4400,5.3800
2026-04-23 18:00:27,275.0000,267.5000,270.0000,272.0700,5.5700
2026-04-23 18:30:29,275.0000,267.5000,270.0000,273.3000,4.4500
2026-04-23 19:00:27,275.0000,267.5000,270.0000,273.7300,4.7100
2026-04-23 19:30:27,275.0000,267.5000,270.0000,274.4700,5.0500
2026-04-23 20:00:28,275.0000,267.5000,270.0000,273.7000,5.0700
2026-04-24 06:59:03,275.0000,267.5000,270.0000,272.6000,5.2900
2026-04-24 12:01:03,280.0000,267.5000,270.0000,272.9000,5.2600
2026-04-24 12:21:17,280.0000,267.5000,270.0000,272.6300,5.2600
2026-04-24 13:00:15,280.0000,267.5000,270.0000,272.6100,5.2600
2026-04-24 13:28:50,280.0000,267.5000,270.0000,272.5800,5.2800
2026-04-24 13:30:30,280.0000,267.5000,270.0000,272.5900,5.2800
2026-04-24 14:10:19,275.0000,267.5000,270.0000,271.9900,9.4800
2026-04-24 14:30:29,275.0000,267.5000,270.0000,271.5400,9.9100
2026-04-24 15:00:28,275.0000,267.5000,270.0000,272.1500,9.0400
2026-04-24 15:30:26,275.0000,267.5000,270.0000,270.9800,9.8000
2026-04-24 16:00:27,270.0000,267.5000,270.0000,269.9400,10.1500
2026-04-24 16:30:32,275.0000,267.5000,270.0000,271.6400,11.1200
2026-04-24 17:00:32,275.0000,267.5000,270.0000,270.3900,10.1200
2026-04-24 17:32:00,270.0000,267.5000,270.0000,269.9000,10.6500
2026-04-24 18:02:01,275.0000,267.5000,270.0000,270.0200,12.4400
2026-04-24 18:30:29,275.0000,267.5000,270.0000,270.1000,13.3900
2026-04-24 19:00:30,280.0000,267.5000,270.0000,270.3100,16.2800
2026-04-24 19:30:32,280.0000,267.5000,270.0000,270.2300,18.8200
2026-04-24 20:00:30,280.0000,267.5000,270.0000,270.4900,21.3600
2026-04-27 06:57:45,275.0000,250.0000,260.0000,270.9000,6.3600
2026-04-27 13:00:14,275.0000,250.0000,265.0000,267.3600,6.3500
2026-04-27 13:30:32,275.0000,250.0000,265.0000,267.6500,6.3500
2026-04-27 14:00:32,275.0000,250.0000,265.0000,267.6300,8.1100
2026-04-27 14:30:28,275.0000,250.0000,265.0000,267.1500,7.8600
2026-04-27 15:00:29,275.0000,250.0000,265.0000,267.1600,7.9600
2026-04-27 15:30:29,275.0000,250.0000,265.0000,266.8400,7.9600
2026-04-27 16:00:27,275.0000,250.0000,265.0000,267.5400,8.0000
2026-04-27 16:30:28,275.0000,250.0000,265.0000,266.8500,7.9600
2026-04-27 18:07:49,275.0000,250.0000,265.0000,266.4800,8.2500
2026-04-27 18:30:36,275.0000,250.0000,265.0000,266.6100,8.2800
2026-04-27 19:00:30,275.0000,250.0000,265.0000,266.1800,8.4000
2026-04-27 19:30:32,275.0000,250.0000,265.0000,266.6400,8.4800
2026-04-27 20:00:31,275.0000,250.0000,265.0000,267.7000,8.4600
2026-04-28 12:34:24,275.0000,250.0000,265.0000,269.0300,8.2900
2026-04-28 13:00:28,275.0000,250.0000,265.0000,269.1000,8.3000
2026-04-28 13:30:28,275.0000,250.0000,265.0000,271.0400,8.3700
2026-04-28 13:55:41,275.0000,250.0000,265.0000,269.8200,9.2400
2026-04-28 14:00:28,275.0000,250.0000,265.0000,269.6700,9.2100
2026-04-28 14:02:15,275.0000,250.0000,265.0000,269.5900,9.1900
2026-04-28 14:07:38,275.0000,250.0000,265.0000,270.5400,9.1700
2026-04-28 14:30:32,275.0000,250.0000,265.0000,270.0500,9.1300
2026-04-28 14:35:13,275.0000,250.0000,265.0000,270.6100,9.1600
2026-04-28 15:00:32,275.0000,250.0000,265.0000,271.2500,9.1100
2026-04-28 15:30:25,275.0000,250.0000,265.0000,271.4900,9.0400
2026-04-28 16:00:26,275.0000,250.0000,265.0000,270.0700,9.1400
2026-04-28 16:05:41,275.0000,250.0000,265.0000,269.8200,9.1400
2026-04-28 16:30:28,275.0000,250.0000,265.0000,269.9400,9.1800
2026-04-28 16:38:22,275.0000,250.0000,265.0000,269.5100,9.1300
2026-04-28 16:45:45,275.0000,250.0000,265.0000,269.5100,9.1800
2026-04-28 17:00:31,275.0000,250.0000,265.0000,269.5800,9.2000
2026-04-28 17:30:29,275.0000,250.0000,265.0000,269.6700,9.2000
2026-04-28 18:00:29,275.0000,250.0000,265.0000,270.0200,9.3100
2026-04-28 18:30:30,275.0000,250.0000,265.0000,270.5400,9.3400
2026-04-28 19:00:32,275.0000,250.0000,265.0000,270.2800,9.2200
2026-04-28 19:30:29,275.0000,250.0000,265.0000,270.3800,9.3200
2026-04-28 20:00:34,275.0000,250.0000,265.0000,270.5300,9.2700
2026-04-29 05:28:46,275.0000,250.0000,265.0000,269.5000,9.0600
2026-04-29 08:40:05,275.0000,250.0000,265.0000,269.5000,9.0600
2026-04-29 08:44:34,275.0000,250.0000,265.0000,269.5000,9.0600
2026-04-29 08:46:40,275.0000,250.0000,265.0000,269.5000,9.0600
2026-04-29 08:50:31,275.0000,250.0000,265.0000,269.5000,9.0600
2026-04-29 13:00:16,275.0000,250.0000,270.0000,268.1800,9.0800
2026-04-29 13:30:32,275.0000,250.0000,270.0000,268.4000,9.0900
2026-04-29 14:00:31,275.0000,250.0000,270.0000,268.6100,10.5900
2026-04-29 14:30:30,275.0000,250.0000,270.0000,269.3100,10.4200
2026-04-29 15:00:26,275.0000,250.0000,270.0000,269.4500,10.6400
2026-04-29 15:30:28,275.0000,250.0000,270.0000,269.0500,10.8000
2026-04-29 16:00:31,275.0000,250.0000,270.0000,269.1500,10.8700
2026-04-29 16:30:29,275.0000,250.0000,270.0000,269.0100,10.9700
2026-04-29 17:00:31,275.0000,250.0000,270.0000,270.1800,11.1900
2026-04-29 17:30:33,275.0000,250.0000,270.0000,270.2200,11.1300
2026-04-29 18:00:36,275.0000,250.0000,270.0000,270.3700,11.0700
2026-04-29 18:30:35,275.0000,250.0000,270.0000,270.0800,10.9800
2026-04-29 19:00:31,275.0000,250.0000,270.0000,269.5300,10.9900
2026-04-29 19:30:30,275.0000,250.0000,270.0000,270.2900,11.0800
2026-04-29 20:00:25,275.0000,250.0000,270.0000,269.8600,11.0300
2026-04-30 05:24:49,275.0000,250.0000,270.0000,270.9500,11.2100
2026-04-30 13:43:13,272.5000,110.0000,nan,270.9400,nan
2026-04-30 14:00:28,275.0000,250.0000,270.0000,269.3500,13.5600
2026-04-30 14:30:31,275.0000,250.0000,270.0000,271.2100,13.2800
2026-04-30 15:00:30,275.0000,250.0000,270.0000,271.3800,13.4700
2026-04-30 15:30:23,275.0000,250.0000,270.0000,271.2900,13.4100
2026-04-30 15:43:14,275.0000,250.0000,270.0000,271.3800,13.4400
2026-04-30 16:00:31,275.0000,250.0000,270.0000,271.6200,13.4500
2026-04-30 16:06:52,275.0000,250.0000,270.0000,271.4500,13.6300
2026-04-30 16:21:10,275.0000,250.0000,270.0000,271.9400,13.5600
2026-04-30 16:30:47,275.0000,250.0000,270.0000,272.5500,13.5200
2026-04-30 16:55:09,275.0000,250.0000,270.0000,273.1700,13.3000
2026-04-30 17:00:30,275.0000,250.0000,270.0000,272.9600,13.2300
2026-04-30 17:08:30,275.0000,250.0000,270.0000,272.1700,13.4300
2026-04-30 17:17:56,275.0000,250.0000,270.0000,272.0400,13.4100
2026-04-30 17:30:30,275.0000,250.0000,270.0000,272.5000,13.3700
2026-04-30 17:48:10,275.0000,250.0000,270.0000,273.0700,13.6900
2026-04-30 18:00:27,275.0000,250.0000,270.0000,273.7000,13.6100
2026-04-30 18:30:26,275.0000,250.0000,270.0000,273.9800,14.0100
2026-04-30 19:00:28,275.0000,250.0000,270.0000,273.6700,14.2700
2026-04-30 19:30:32,275.0000,250.0000,270.0000,274.2200,14.2600
2026-04-30 20:00:26,275.0000,250.0000,270.0000,274.4300,14.2900
2026-04-30 20:29:45,275.0000,250.0000,270.0000,272.1200,15.2700
2026-05-01 12:44:59,285.0000,250.0000,265.0000,280.3500,5.8100
2026-05-01 13:00:22,285.0000,250.0000,265.0000,281.0100,5.8200
2026-05-01 13:30:20,285.0000,250.0000,265.0000,280.1200,5.8300
2026-05-01 14:00:22,290.0000,250.0000,265.0000,282.4600,4.6100
2026-05-01 14:30:24,290.0000,250.0000,265.0000,286.8300,4.5800
2026-05-01 15:00:22,285.0000,250.0000,265.0000,282.3300,4.3500
2026-05-01 15:30:22,290.0000,250.0000,265.0000,283.3200,4.3600
2026-05-01 16:00:25,290.0000,250.0000,265.0000,284.6500,4.3200
2026-05-01 16:30:29,290.0000,250.0000,265.0000,283.9600,4.2900
2026-05-01 17:00:25,290.0000,250.0000,265.0000,283.1100,4.2400
2026-05-01 17:30:23,285.0000,250.0000,265.0000,282.6500,4.2100
2026-05-01 18:00:24,285.0000,250.0000,265.0000,282.1200,4.1200
2026-05-01 18:30:24,285.0000,250.0000,265.0000,280.7000,4.2000
2026-05-01 19:00:24,285.0000,250.0000,265.0000,280.7700,4.1800
2026-05-01 19:30:26,285.0000,250.0000,265.0000,280.7900,4.2000
2026-05-01 20:00:27,285.0000,250.0000,265.0000,280.2300,4.2100
2026-05-04 04:00:10,285.0000,250.0000,265.0000,280.0700,4.2100
2026-05-04 07:25:34,285.0000,250.0000,265.0000,280.0700,4.2100
2026-05-04 13:00:13,285.0000,250.0000,265.0000,279.0500,4.2000
2026-05-04 13:23:48,290.0000,250.0000,265.0000,279.2300,4.2000
2026-05-04 13:30:30,290.0000,250.0000,265.0000,279.3000,4.2000
2026-05-04 14:00:24,280.0000,250.0000,265.0000,276.3000,4.5200
2026-05-04 14:30:22,280.0000,250.0000,265.0000,276.0000,4.4900
2026-05-04 15:00:27,280.0000,250.0000,265.0000,277.7300,4.4800
2026-05-04 15:07:23,280.0000,250.0000,265.0000,277.7000,4.4900
2026-05-04 16:27:45,280.0000,250.0000,265.0000,276.1200,4.5100
2026-05-04 16:30:33,280.0000,250.0000,265.0000,276.1400,4.5000
2026-05-04 17:00:29,280.0000,250.0000,265.0000,276.9700,4.4700
2026-05-04 17:30:29,280.0000,250.0000,265.0000,276.8800,4.4000
2026-05-04 18:00:32,280.0000,250.0000,265.0000,277.1000,4.3300
2026-05-04 18:30:33,280.0000,250.0000,265.0000,277.1400,4.3000
2026-05-04 19:00:35,280.0000,250.0000,265.0000,276.5000,4.3000
2026-05-04 19:30:31,280.0000,250.0000,265.0000,277.0000,4.4000
2026-05-04 20:00:29,280.0000,250.0000,265.0000,277.1100,4.2700
2026-05-05 06:54:00,280.0000,250.0000,265.0000,276.4500,4.2400
2026-05-05 13:00:14,280.0000,250.0000,265.0000,275.7800,4.2400
2026-05-05 13:30:28,280.0000,250.0000,265.0000,276.6800,4.2400
2026-05-05 14:00:27,280.0000,250.0000,265.0000,278.7400,4.3500
2026-05-05 14:30:22,280.0000,250.0000,265.0000,279.6000,4.3200
2026-05-05 15:00:25,285.0000,250.0000,265.0000,282.1500,4.5100
2026-05-05 15:30:31,285.0000,250.0000,265.0000,280.1600,4.4500
2026-05-05 16:00:31,280.0000,250.0000,265.0000,279.9500,4.4600
2026-05-05 16:30:28,285.0000,250.0000,265.0000,280.8100,4.5600
2026-05-05 17:00:31,285.0000,250.0000,265.0000,282.3700,4.6600
2026-05-05 17:30:33,285.0000,250.0000,265.0000,281.7400,4.4900
2026-05-05 18:00:26,285.0000,250.0000,265.0000,282.5200,4.6200
2026-05-05 18:30:29,290.0000,250.0000,265.0000,283.8500,4.6700
2026-05-05 19:00:37,290.0000,250.0000,265.0000,283.6300,4.6300
2026-05-05 19:30:37,290.0000,250.0000,265.0000,284.1200,4.6100
2026-05-05 20:00:33,290.0000,250.0000,265.0000,284.2800,4.4800
2026-05-06 09:21:43,285.0000,250.0000,265.0000,281.6800,4.4300
2026-05-06 13:00:17,285.0000,250.0000,265.0000,281.9000,4.4400
2026-05-06 13:30:35,285.0000,250.0000,265.0000,281.6100,4.4400
2026-05-06 14:00:27,285.0000,250.0000,265.0000,282.4600,4.4300
2026-05-06 14:30:27,290.0000,250.0000,265.0000,286.4000,4.5800
2026-05-06 15:00:34,290.0000,250.0000,265.0000,285.1100,4.3900
2026-05-06 15:30:26,285.0000,250.0000,265.0000,284.0600,4.4400
2026-05-06 16:00:24,290.0000,250.0000,265.0000,285.5200,4.3900
2026-05-06 16:30:25,290.0000,250.0000,265.0000,285.2500,4.3500
2026-05-06 17:00:29,290.0000,250.0000,265.0000,286.5300,4.5100
2026-05-06 17:30:34,290.0000,250.0000,265.0000,286.6000,4.5000
2026-05-06 18:00:34,290.0000,250.0000,265.0000,286.7500,4.4500
2026-05-06 18:30:37,290.0000,250.0000,265.0000,287.0000,4.4400
2026-05-06 19:00:32,290.0000,250.0000,265.0000,287.1200,4.5000
2026-05-06 19:30:31,300.0000,250.0000,265.0000,287.5600,4.5100
2026-05-06 20:00:34,290.0000,250.0000,265.0000,287.3100,4.4100
2026-05-07 13:00:14,290.0000,250.0000,270.0000,288.5000,4.4200
2026-05-07 13:30:30,290.0000,250.0000,270.0000,289.5000,4.3900
2026-05-07 14:00:32,300.0000,250.0000,270.0000,289.8600,4.6100
2026-05-07 14:30:33,300.0000,250.0000,270.0000,290.4900,4.6200
2026-05-07 15:00:35,300.0000,250.0000,270.0000,290.6200,4.6800
2026-05-07 15:30:33,300.0000,250.0000,270.0000,290.9300,4.5700
2026-05-07 16:00:26,300.0000,250.0000,270.0000,289.8000,4.5000
2026-05-07 16:30:28,300.0000,250.0000,270.0000,289.4300,4.5300
2026-05-07 17:00:36,300.0000,250.0000,270.0000,289.2700,4.4700
2026-05-07 17:30:12,300.0000,250.0000,270.0000,289.1200,4.5000
2026-05-07 17:31:30,300.0000,250.0000,270.0000,289.1400,4.5200
2026-05-07 18:00:35,290.0000,250.0000,270.0000,288.6600,4.4000
2026-05-07 18:07:22,290.0000,250.0000,270.0000,288.2800,4.4500
2026-05-07 18:30:28,300.0000,250.0000,270.0000,289.0700,4.4100
2026-05-07 19:00:29,290.0000,250.0000,270.0000,287.6600,4.3600
2026-05-07 19:30:33,290.0000,250.0000,270.0000,286.2900,4.4300
2026-05-07 20:00:33,290.0000,250.0000,270.0000,286.9400,4.3400
2026-05-08 09:00:54,290.0000,250.0000,270.0000,287.9800,4.3500
2026-05-08 13:00:16,300.0000,250.0000,275.0000,290.9000,4.3600
2026-05-08 13:30:33,300.0000,250.0000,275.0000,290.2000,4.3400
2026-05-08 14:00:33,300.0000,250.0000,275.0000,293.1000,4.5900
2026-05-08 14:30:34,300.0000,250.0000,275.0000,293.1300,4.5800
2026-05-08 15:00:35,300.0000,250.0000,275.0000,294.3200,4.6400
2026-05-08 15:30:31,300.0000,250.0000,275.0000,293.1700,4.5500
2026-05-08 16:00:26,300.0000,250.0000,275.0000,292.6000,4.5100
2026-05-08 16:30:30,300.0000,250.0000,275.0000,292.7300,4.5100
2026-05-08 17:00:35,300.0000,250.0000,275.0000,291.9500,4.4300
2026-05-08 17:30:36,300.0000,250.0000,275.0000,292.4400,4.5500
2026-05-08 18:00:32,300.0000,250.0000,275.0000,292.3100,4.5500
2026-05-08 18:30:26,300.0000,250.0000,275.0000,292.7500,4.5200
2026-05-08 19:00:29,300.0000,250.0000,275.0000,292.6900,4.5200
2026-05-08 19:30:34,300.0000,250.0000,275.0000,292.9200,4.5200
2026-05-08 20:00:31,300.0000,250.0000,275.0000,293.7800,4.5100
2026-05-11 07:07:39,300.0000,250.0000,275.0000,293.8600,4.4100
2026-05-11 09:32:45,300.0000,250.0000,275.0000,293.8600,4.4100
2026-05-11 13:00:17,300.0000,250.0000,275.0000,292.7200,4.3400
2026-05-11 13:30:32,300.0000,250.0000,275.0000,292.0600,4.3400
2026-05-11 14:00:32,300.0000,250.0000,275.0000,290.7100,5.3200
2026-05-11 14:16:37,300.0000,250.0000,275.0000,291.4500,5.2600
2026-05-11 14:30:34,300.0000,250.0000,275.0000,292.0700,5.1600
2026-05-11 15:00:34,300.0000,250.0000,275.0000,292.6400,5.1600
2026-05-11 15:30:32,300.0000,250.0000,275.0000,292.9300,5.1700
2026-05-11 15:41:05,300.0000,250.0000,275.0000,293.2200,5.1700
2026-05-11 16:00:32,300.0000,250.0000,275.0000,293.1800,5.1500
2026-05-11 16:30:33,300.0000,250.0000,275.0000,292.2000,5.1800
2026-05-11 17:00:34,300.0000,250.0000,275.0000,291.8100,5.2100
2026-05-11 17:30:33,300.0000,250.0000,275.0000,291.4800,5.2100
2026-05-11 18:00:26,300.0000,250.0000,275.0000,291.9800,5.1800
2026-05-11 18:30:29,300.0000,250.0000,275.0000,292.5100,5.1900
2026-05-11 19:00:35,300.0000,250.0000,275.0000,291.7100,5.2400
2026-05-11 19:30:34,300.0000,250.0000,275.0000,291.6000,5.3100
2026-05-11 20:00:33,300.0000,250.0000,275.0000,292.0000,5.2300
2026-05-12 09:38:35,300.0000,250.0000,280.0000,291.9200,5.1600
2026-05-12 12:18:20,300.0000,250.0000,280.0000,291.9100,5.1600
2026-05-12 13:00:16,300.0000,250.0000,280.0000,291.9000,5.1600
2026-05-12 13:30:30,300.0000,250.0000,280.0000,292.5900,5.1700
2026-05-12 14:00:31,300.0000,250.0000,280.0000,293.7500,5.5300
2026-05-12 14:22:57,300.0000,250.0000,280.0000,293.5600,5.4900
2026-05-12 14:30:32,300.0000,250.0000,280.0000,294.2500,5.5500
2026-05-12 14:37:05,300.0000,250.0000,280.0000,294.5400,5.3500
2026-05-12 15:00:38,300.0000,250.0000,280.0000,294.6400,5.3200
2026-05-12 15:30:35,300.0000,250.0000,280.0000,293.8900,5.4400
2026-05-12 16:00:30,300.0000,250.0000,280.0000,294.0600,5.4100
2026-05-12 16:30:30,300.0000,250.0000,280.0000,293.8700,5.4200
2026-05-12 16:52:38,300.0000,250.0000,280.0000,294.2900,5.4400
2026-05-12 17:00:35,300.0000,250.0000,280.0000,294.3800,5.4500
2026-05-12 17:30:32,300.0000,250.0000,280.0000,294.0900,5.4800
2026-05-12 17:32:27,300.0000,250.0000,280.0000,294.0700,5.4400
2026-05-12 18:00:32,300.0000,250.0000,280.0000,294.3100,5.3600
2026-05-12 18:30:33,300.0000,250.0000,280.0000,294.0900,5.3900
2026-05-12 19:00:30,300.0000,250.0000,280.0000,294.2900,5.4700
2026-05-12 19:30:30,300.0000,250.0000,280.0000,294.6100,5.3500
2026-05-12 20:00:29,300.0000,250.0000,280.0000,294.6400,5.4200
2026-05-13 09:16:45,300.0000,282.5000,285.0000,294.0800,5.3800
2026-05-13 09:32:08,300.0000,282.5000,285.0000,293.9200,5.3800
2026-05-13 10:42:00,300.0000,282.5000,285.0000,293.5500,5.3700
2026-05-13 13:00:14,300.0000,282.5000,285.0000,294.0500,5.3800
2026-05-13 13:30:29,300.0000,282.5000,285.0000,294.2000,5.2800
2026-05-13 14:00:37,300.0000,282.5000,285.0000,296.6900,5.7300
2026-05-13 14:30:38,300.0000,282.5000,285.0000,295.9400,5.8400
2026-05-13 15:00:32,300.0000,282.5000,285.0000,296.3300,5.6000
2026-05-13 15:15:10,300.0000,282.5000,285.0000,296.4300,5.6900
2026-05-13 15:24:37,300.0000,282.5000,285.0000,296.5400,5.7100
2026-05-13 15:30:33,300.0000,282.5000,285.0000,296.8200,5.4900
2026-05-13 15:46:50,300.0000,282.5000,285.0000,297.4300,5.7000
2026-05-13 15:50:21,300.0000,282.5000,285.0000,297.9100,5.7600
2026-05-13 15:56:35,300.0000,282.5000,285.0000,297.3800,5.2900
2026-05-13 16:00:33,300.0000,282.5000,285.0000,297.3600,5.4500
2026-05-13 16:21:04,300.0000,282.5000,285.0000,296.9700,5.4900
2026-05-13 16:24:02,300.0000,282.5000,285.0000,296.9300,5.5800
2026-05-13 16:29:27,300.0000,282.5000,285.0000,296.8600,5.5900
2026-05-13 16:30:43,300.0000,282.5000,285.0000,296.9300,5.6000
2026-05-13 16:32:18,300.0000,282.5000,285.0000,297.1200,5.4700
2026-05-13 16:44:06,300.0000,282.5000,285.0000,298.2500,5.3800
2026-05-13 16:46:07,300.0000,282.5000,285.0000,298.3800,5.7600
2026-05-13 16:49:26,300.0000,282.5000,285.0000,298.6900,5.7800
2026-05-13 16:55:21,300.0000,282.5000,285.0000,299.0400,5.8400
2026-05-13 17:00:32,300.0000,250.0000,285.0000,299.3700,5.9200
2026-05-13 17:18:59,300.0000,250.0000,285.0000,299.6200,5.7800
2026-05-13 17:22:00,300.0000,250.0000,285.0000,299.6100,5.8900
2026-05-13 17:30:34,300.0000,250.0000,285.0000,299.6600,6.0600
2026-05-13 17:35:59,300.0000,250.0000,285.0000,299.5300,6.0300
2026-05-13 18:00:32,305.0000,250.0000,285.0000,300.6300,6.1000
2026-05-13 18:30:31,305.0000,282.5000,285.0000,300.2200,5.8800
2026-05-13 19:00:31,300.0000,282.5000,285.0000,299.3300,5.7600
2026-05-13 19:30:31,300.0000,282.5000,285.0000,299.0400,5.9100
2026-05-13 20:00:33,300.0000,282.5000,285.0000,299.3900,6.0700
2026-05-13 20:14:52,300.0000,282.5000,285.0000,299.0200,5.7400
2026-05-14 06:35:24,300.0000,282.5000,285.0000,298.4000,5.6000
2026-05-14 10:21:34,300.0000,282.5000,285.0000,299.2700,5.5800
2026-05-14 12:46:17,305.0000,282.5000,285.0000,300.1500,5.4600
2026-05-14 13:00:54,300.0000,282.5000,285.0000,299.5200,5.7500
2026-05-14 13:30:46,300.0000,282.5000,285.0000,298.9300,5.7400
2026-05-14 14:00:32,300.0000,282.5000,285.0000,297.6700,6.3300
2026-05-14 14:30:31,300.0000,282.5000,285.0000,298.3600,6.7200
2026-05-14 14:54:14,300.0000,282.5000,285.0000,297.6400,5.7600
2026-05-14 15:00:33,300.0000,282.5000,285.0000,298.3100,6.4400
2026-05-14 15:30:34,300.0000,282.5000,285.0000,299.0500,6.5000
2026-05-14 16:00:34,300.0000,282.5000,285.0000,299.1500,6.3800
2026-05-14 16:30:34,300.0000,282.5000,285.0000,298.6700,6.1700
2026-05-14 17:00:34,300.0000,282.5000,285.0000,298.0300,6.0900
2026-05-14 17:30:34,300.0000,282.5000,285.0000,297.8300,6.6500
2026-05-14 18:00:33,300.0000,282.5000,285.0000,298.0700,6.5600
2026-05-14 18:30:30,300.0000,282.5000,285.0000,298.1900,5.9400
2026-05-14 19:00:30,300.0000,282.5000,285.0000,298.4000,5.8600
2026-05-14 19:30:33,300.0000,282.5000,285.0000,298.8000,6.4500
2026-05-14 20:00:34,300.0000,282.5000,285.0000,298.6900,6.0600
2026-05-15 10:00:39,300.0000,282.5000,285.0000,295.3300,6.2300
2026-05-15 10:02:36,300.0000,282.5000,285.0000,295.4000,6.2300
2026-05-15 10:52:44,300.0000,282.5000,285.0000,295.9600,6.2400
2026-05-15 13:00:17,300.0000,282.5000,285.0000,294.8000,6.0800
2026-05-15 13:02:36,300.0000,282.5000,285.0000,294.5400,6.6500
2026-05-15 13:30:32,300.0000,282.5000,285.0000,295.2400,6.2100
2026-05-15 14:00:33,300.0000,282.5000,285.0000,297.3000,10.0100
2026-05-15 14:30:35,300.0000,282.5000,285.0000,298.9000,8.7900
2026-05-15 15:00:35,302.5000,282.5000,285.0000,300.8500,7.9900
2026-05-15 15:30:34,302.5000,282.5000,285.0000,302.0400,9.3400
2026-05-15 16:00:35,302.5000,282.5000,285.0000,301.5900,9.0000
2026-05-15 16:30:34,302.5000,282.5000,285.0000,301.2200,8.0500
2026-05-15 16:43:53,302.5000,282.5000,285.0000,301.8100,7.6200
2026-05-15 17:00:38,302.5000,282.5000,285.0000,301.8600,9.6100
2026-05-15 17:30:07,305.0000,282.5000,285.0000,302.6100,8.1800
2026-05-15 17:31:20,305.0000,282.5000,285.0000,302.5700,10.2900
2026-05-15 18:00:30,305.0000,282.5000,285.0000,302.5300,8.5500
2026-05-15 18:30:32,302.5000,5.0000,nan,301.9700,8.4000
2026-05-15 19:00:31,302.5000,5.0000,nan,301.1900,9.1200
2026-05-15 19:30:27,302.5000,5.0000,nan,300.8800,12.1700
2026-05-15 20:00:28,300.0000,5.0000,nan,299.8800,15.7300
2026-05-18 13:00:16,310.0000,282.5000,290.0000,299.5400,4.3600
2026-05-18 13:30:31,310.0000,282.5000,290.0000,299.9000,4.3500
2026-05-18 14:00:29,310.0000,282.5000,290.0000,299.3000,5.5500
2026-05-18 14:30:31,300.0000,282.5000,290.0000,298.0400,5.2200
2026-05-18 15:00:33,300.0000,282.5000,290.0000,298.0600,5.4400
2026-05-18 15:30:27,300.0000,282.5000,290.0000,296.6800,5.2000
2026-05-18 16:00:19,300.0000,282.5000,290.0000,295.8500,5.1600
2026-05-18 16:30:24,300.0000,282.5000,290.0000,296.1100,5.3900
2026-05-18 17:00:28,300.0000,282.5000,290.0000,295.3600,5.1700
2026-05-18 17:30:24,300.0000,282.5000,290.0000,295.6800,5.0300
2026-05-18 18:00:28,300.0000,282.5000,290.0000,296.3000,5.2500
2026-05-18 18:30:31,300.0000,282.5000,290.0000,296.3500,5.0700
2026-05-18 19:00:31,300.0000,282.5000,290.0000,295.5500,4.5500
2026-05-18 19:30:31,300.0000,287.5000,290.0000,296.7300,4.4400
2026-05-18 20:00:29,300.0000,287.5000,290.0000,297.5900,5.2000
2026-05-19 13:00:15,300.0000,287.5000,290.0000,296.0300,4.9700
2026-05-19 13:30:30,300.0000,287.5000,290.0000,295.7000,4.9800
2026-05-19 14:00:31,310.0000,287.5000,290.0000,300.0500,5.7800
2026-05-19 14:30:33,300.0000,287.5000,290.0000,298.0000,4.6000
2026-05-19 15:00:31,300.0000,287.5000,290.0000,297.0800,4.8100
2026-05-19 15:30:30,300.0000,287.5000,290.0000,297.2300,5.2900
2026-05-19 16:00:32,300.0000,287.5000,290.0000,297.3800,5.2700
2026-05-19 16:30:36,300.0000,287.5000,290.0000,296.4000,4.3200
2026-05-19 17:00:36,300.0000,287.5000,290.0000,297.7200,5.3600
2026-05-19 17:30:33,300.0000,287.5000,290.0000,298.6600,5.3200
2026-05-19 18:00:32,300.0000,287.5000,290.0000,298.0200,5.0400
2026-05-19 18:30:31,300.0000,287.5000,290.0000,298.2500,5.1100
2026-05-19 19:00:27,300.0000,287.5000,290.0000,297.7600,4.7300
2026-05-19 19:30:27,300.0000,287.5000,290.0000,298.1700,5.1300
2026-05-19 20:00:31,300.0000,287.5000,290.0000,297.9000,4.2900
2026-05-26 09:19:03,315.0000,307.5000,310.0000,309.4400,3.7300
2026-05-26 10:22:10,315.0000,307.5000,310.0000,310.3600,3.7400
2026-05-26 13:00:12,315.0000,307.5000,310.0000,310.9500,3.6800
2026-05-26 13:30:26,315.0000,307.5000,310.0000,310.7700,3.6900
2026-05-26 14:00:29,315.0000,307.5000,310.0000,310.3300,5.0600
2026-05-26 14:30:33,315.0000,307.5000,310.0000,311.6000,4.4600
2026-05-26 15:00:31,315.0000,307.5000,310.0000,311.1700,4.6300
2026-05-26 15:30:30,315.0000,307.5000,310.0000,311.4900,4.6800
2026-05-26 16:00:26,315.0000,307.5000,310.0000,310.7400,4.4900
2026-05-26 16:30:24,315.0000,307.5000,310.0000,309.9200,4.3500
2026-05-26 17:00:30,315.0000,307.5000,310.0000,309.9200,4.4100
2026-05-26 17:30:29,315.0000,307.5000,310.0000,309.5500,4.6000
2026-05-26 18:00:30,315.0000,307.5000,310.0000,309.2900,4.5900
2026-05-26 18:30:31,315.0000,307.5000,310.0000,309.9000,4.8200
2026-05-26 19:00:30,315.0000,307.5000,310.0000,309.4500,4.3700
2026-05-26 19:30:30,315.0000,307.5000,310.0000,308.7500,4.2500
2026-05-26 20:00:32,310.0000,307.5000,310.0000,308.4100,4.3200
2026-05-27 11:55:26,310.0000,307.5000,310.0000,308.5200,4.6000
2026-05-27 13:00:10,310.0000,307.5000,310.0000,308.5500,4.6000
2026-05-27 13:30:24,310.0000,307.5000,310.0000,308.0500,4.5900
2026-05-27 14:00:30,315.0000,307.5000,310.0000,310.6900,5.2400
2026-05-27 14:30:31,315.0000,307.5000,310.0000,312.4600,4.6400
2026-05-27 15:00:33,315.0000,307.5000,310.0000,312.9900,5.0700
2026-05-27 15:30:29,315.0000,307.5000,310.0000,312.6400,4.7300
2026-05-27 16:00:23,315.0000,307.5000,310.0000,311.0900,4.6000
2026-05-27 16:30:25,315.0000,307.5000,310.0000,311.5700,4.9800
2026-05-27 17:00:28,315.0000,307.5000,310.0000,311.0500,4.5100
2026-05-27 17:30:31,315.0000,307.5000,310.0000,310.6600,4.7600
2026-05-27 18:00:31,315.0000,307.5000,310.0000,310.4800,4.6500
2026-05-27 18:30:29,315.0000,307.5000,310.0000,310.7300,4.6900
2026-05-27 19:00:28,315.0000,307.5000,310.0000,310.7700,4.6500
2026-05-27 19:30:27,315.0000,307.5000,310.0000,310.5600,4.6000
2026-05-27 20:00:28,315.0000,307.5000,310.0000,309.8600,4.4200
2026-05-28 09:08:05,315.0000,307.5000,310.0000,310.3600,5.0200
2026-05-28 13:00:12,315.0000,307.5000,310.0000,310.0300,5.0200
2026-05-28 13:30:27,315.0000,307.5000,310.0000,310.2700,5.0800
2026-05-28 14:00:31,315.0000,307.5000,310.0000,310.4400,5.4700
2026-05-28 14:30:30,315.0000,307.5000,310.0000,312.5300,5.6500
2026-05-28 15:00:28,315.0000,307.5000,310.0000,311.6200,4.8500
2026-05-28 15:30:29,315.0000,307.5000,310.0000,311.8400,4.6500
2026-05-28 15:34:56,315.0000,307.5000,310.0000,311.6400,4.1200
2026-05-28 15:45:44,315.0000,307.5000,310.0000,311.8000,4.2700
2026-05-28 15:48:08,315.0000,307.5000,310.0000,311.6900,4.5500
2026-05-28 16:00:25,315.0000,307.5000,310.0000,311.1500,4.6500
2026-05-28 16:30:27,312.5000,307.5000,310.0000,310.6700,4.5800
2026-05-28 16:59:11,310.0000,307.5000,310.0000,309.6800,4.6100
2026-05-28 17:00:24,310.0000,307.5000,310.0000,309.7700,4.9100
2026-05-28 17:30:28,312.5000,307.5000,310.0000,310.9000,4.8600
2026-05-28 18:00:31,312.5000,307.5000,310.0000,310.7400,4.9900
2026-05-28 18:30:27,312.5000,307.5000,310.0000,310.7600,4.7900
2026-05-28 19:00:26,312.5000,307.5000,310.0000,310.9800,4.9600
2026-05-28 19:20:57,312.5000,307.5000,310.0000,310.7800,4.6300
2026-05-28 19:30:28,312.5000,307.5000,310.0000,310.5700,4.7300
2026-05-28 20:00:30,312.5000,307.5000,310.0000,311.3200,5.0400
2026-05-29 05:44:50,315.0000,307.5000,310.0000,312.0500,5.0300
2026-05-29 08:47:44,315.0000,307.5000,310.0000,312.0500,5.0300
2026-05-29 13:00:15,315.0000,307.5000,310.0000,311.5700,5.0100
2026-05-29 13:30:32,315.0000,307.5000,310.0000,311.7900,4.9800
2026-05-29 14:00:26,315.0000,307.5000,310.0000,313.9400,7.7300
2026-05-29 14:30:24,315.0000,307.5000,310.0000,313.2900,6.4400
2026-05-29 15:00:31,315.0000,307.5000,310.0000,313.3600,7.3400
2026-05-29 15:30:29,312.5000,307.5000,310.0000,310.6700,8.3700
2026-05-29 16:00:26,312.5000,307.5000,310.0000,311.3800,7.7500
2026-05-29 16:30:29,312.5000,307.5000,310.0000,311.2000,7.9800
2026-05-29 17:00:27,312.5000,307.5000,310.0000,311.3900,8.9800
2026-05-29 17:30:23,312.5000,307.5000,310.0000,310.6700,8.0200
2026-05-29 18:00:21,312.5000,307.5000,310.0000,310.0800,8.1000
2026-05-29 18:30:21,312.5000,307.5000,310.0000,310.0100,11.8700
2026-05-29 19:00:29,312.5000,307.5000,310.0000,310.6200,11.7900
2026-05-29 19:30:30,312.5000,307.5000,310.0000,311.5900,14.1800
2026-05-29 20:00:31,312.5000,307.5000,310.0000,311.8200,15.9700
2026-06-01 04:00:10,315.0000,290.0000,310.0000,311.3500,3.8900
2026-06-01 07:35:38,315.0000,290.0000,310.0000,311.3500,3.8900
2026-06-01 13:00:09,315.0000,307.5000,310.0000,310.4100,3.8800
2026-06-01 13:30:21,315.0000,307.5000,310.0000,310.7500,3.8500
2026-06-01 14:00:21,315.0000,307.5000,310.0000,309.3000,4.6600
2026-06-01 14:27:47,315.0000,307.5000,310.0000,309.2800,4.6000
2026-06-01 14:30:27,315.0000,307.5000,310.0000,309.5600,4.5900
2026-06-01 15:00:24,315.0000,297.5000,305.0000,307.3800,4.6500
2026-06-01 15:30:24,315.0000,297.5000,305.0000,306.9300,5.1600
2026-06-01 15:41:46,315.0000,297.5000,305.0000,306.6600,4.9700
2026-06-01 16:00:22,315.0000,297.5000,305.0000,306.8400,5.1400
2026-06-01 16:30:22,315.0000,297.5000,305.0000,306.2900,4.6000
2026-06-01 17:00:23,315.0000,297.5000,305.0000,306.0200,5.1800
2026-06-01 17:28:36,315.0000,297.5000,305.0000,305.5000,4.6700
2026-06-01 17:30:23,315.0000,297.5000,305.0000,305.7400,5.1700
2026-06-01 18:00:25,315.0000,297.5000,310.0000,307.8900,5.2100
2026-06-01 18:30:29,315.0000,297.5000,305.0000,307.3300,4.8500
2026-06-01 19:00:27,315.0000,297.5000,310.0000,307.8200,5.2200
2026-06-01 19:30:30,315.0000,297.5000,310.0000,307.7900,5.2200
2026-06-01 20:00:26,315.0000,297.5000,310.0000,307.6100,5.0700
2026-06-02 10:56:07,315.0000,302.5000,305.0000,306.0100,5.0400
2026-06-02 13:00:15,315.0000,302.5000,305.0000,305.9600,5.0400
2026-06-02 13:30:28,315.0000,302.5000,305.0000,305.4400,4.9900
2026-06-02 14:00:29,315.0000,302.5000,305.0000,308.9800,5.5400
2026-06-02 14:30:33,315.0000,302.5000,305.0000,308.7900,4.7500
2026-06-02 15:00:31,315.0000,302.5000,305.0000,309.9300,5.0500
2026-06-02 15:30:25,315.0000,302.5000,305.0000,312.1000,5.4400
2026-06-02 16:00:25,315.0000,302.5000,305.0000,312.9000,5.5000
2026-06-02 16:30:27,315.0000,302.5000,305.0000,312.4300,5.2700
2026-06-02 17:00:27,315.0000,302.5000,305.0000,312.2100,5.1000
2026-06-02 17:30:30,315.0000,302.5000,305.0000,314.8000,5.5400
2026-06-02 18:00:29,315.0000,302.5000,305.0000,314.6700,5.6000
2026-06-02 18:30:25,315.0000,302.5000,305.0000,314.4300,5.2000
2026-06-02 19:00:29,315.0000,302.5000,305.0000,314.4000,5.4800
2026-06-02 19:30:33,315.0000,302.5000,305.0000,314.9200,5.4900
2026-06-02 20:00:33,320.0000,302.5000,305.0000,315.0900,5.4200
2026-06-03 04:54:46,320.0000,302.5000,305.0000,315.0100,5.2000
2026-06-03 13:00:09,315.0000,302.5000,305.0000,314.0100,5.2900
2026-06-03 13:30:22,315.0000,302.5000,305.0000,314.0000,5.3200
2026-06-03 14:00:21,320.0000,302.5000,305.0000,316.8000,5.7100
2026-06-03 14:30:20,320.0000,302.5000,305.0000,315.9200,5.5600
2026-06-03 15:00:27,315.0000,302.5000,305.0000,313.2800,5.3800
2026-06-03 15:30:25,315.0000,302.5000,305.0000,310.5000,5.5400
2026-06-03 16:00:19,315.0000,302.5000,305.0000,311.5000,5.3600
2026-06-03 16:30:22,315.0000,302.5000,305.0000,311.3500,5.5400
2026-06-03 17:00:27,315.0000,302.5000,305.0000,309.7500,5.6700
2026-06-03 17:30:29,315.0000,302.5000,305.0000,309.2100,5.3700
2026-06-03 18:00:31,315.0000,302.5000,305.0000,309.5600,5.5400
2026-06-03 18:30:34,315.0000,302.5000,305.0000,309.5600,5.3800
2026-06-03 19:00:33,315.0000,302.5000,305.0000,309.7100,5.5300
2026-06-03 19:30:33,315.0000,302.5000,305.0000,309.8200,5.5000
2026-06-03 20:00:32,315.0000,302.5000,305.0000,311.0200,5.5300
2026-06-04 10:47:23,320.0000,287.5000,310.0000,313.1700,5.2200
2026-06-04 13:00:16,320.0000,287.5000,310.0000,312.7900,5.2100
2026-06-04 13:30:33,320.0000,287.5000,310.0000,313.1400,5.2100
2026-06-04 14:00:33,320.0000,287.5000,310.0000,312.2300,5.4600
2026-06-04 14:30:29,320.0000,287.5000,310.0000,310.9400,5.1900
2026-06-04 15:00:27,320.0000,287.5000,310.0000,310.3500,5.1000
2026-06-04 15:30:25,320.0000,287.5000,310.0000,310.9400,5.1000
2026-06-04 16:00:26,320.0000,287.5000,310.0000,310.1900,5.0800
2026-06-04 16:30:29,320.0000,287.5000,310.0000,310.7500,5.0500
2026-06-04 17:00:25,320.0000,287.5000,310.0000,311.2500,5.0800
2026-06-04 17:30:25,320.0000,287.5000,310.0000,311.1000,5.0300
2026-06-04 18:00:30,320.0000,287.5000,310.0000,311.7100,5.0500
2026-06-04 18:30:32,320.0000,287.5000,310.0000,311.3800,5.0000
2026-06-04 19:00:31,320.0000,287.5000,310.0000,311.9100,5.0100
2026-06-04 19:30:27,320.0000,287.5000,310.0000,311.7000,4.9800
2026-06-04 20:00:23,320.0000,287.5000,310.0000,311.3100,4.9800
2026-06-05 09:31:14,320.0000,287.5000,310.0000,310.5000,4.9400
2026-06-05 13:00:11,320.0000,287.5000,310.0000,311.5300,4.9200
2026-06-05 13:30:25,320.0000,287.5000,310.0000,312.4500,4.9400
2026-06-05 14:00:31,320.0000,287.5000,310.0000,313.7600,5.2600
2026-06-05 14:30:32,320.0000,287.5000,310.0000,313.4500,5.1000
2026-06-05 15:00:32,320.0000,287.5000,310.0000,313.9500,5.1300
2026-06-05 15:30:27,320.0000,287.5000,310.0000,313.0700,5.1300
2026-06-05 16:00:24,320.0000,287.5000,310.0000,313.5300,5.2200
2026-06-05 16:30:26,320.0000,287.5000,310.0000,313.1200,5.2900
2026-06-05 17:00:29,320.0000,287.5000,310.0000,311.0100,5.3200
2026-06-05 17:30:28,320.0000,287.5000,310.0000,310.4300,5.3500
2026-06-05 18:00:21,320.0000,287.5000,310.0000,311.6600,5.2500
2026-06-05 18:30:25,320.0000,287.5000,310.0000,312.1900,5.2800
2026-06-05 19:00:34,320.0000,287.5000,310.0000,310.1000,5.4300
2026-06-05 19:30:33,320.0000,287.5000,310.0000,308.4000,5.5300
2026-06-05 20:00:26,310.0000,287.5000,310.0000,308.0800,5.4700
2026-06-08 07:05:28,310.0000,287.5000,310.0000,307.7800,5.4300
2026-06-08 08:48:59,310.0000,287.5000,310.0000,307.7800,5.4300
2026-06-08 13:00:10,320.0000,287.5000,310.0000,308.4500,5.4400
2026-06-08 13:30:20,320.0000,287.5000,310.0000,308.1000,5.4300
2026-06-08 14:00:20,320.0000,287.5000,310.0000,311.2000,5.9300
2026-06-08 14:30:20,320.0000,287.5000,310.0000,311.1200,5.7900
2026-06-08 14:34:27,320.0000,287.5000,310.0000,310.1000,5.8300
2026-06-08 15:00:23,320.0000,287.5000,310.0000,312.6200,5.7600
2026-06-08 15:30:28,320.0000,307.5000,310.0000,314.4000,5.8000
2026-06-08 16:00:27,320.0000,287.5000,310.0000,314.1400,5.8700
2026-06-08 16:30:22,320.0000,287.5000,310.0000,314.0900,5.9300
2026-06-08 17:00:20,320.0000,287.5000,310.0000,313.0700,5.9000
2026-06-08 17:30:21,320.0000,287.5000,310.0000,313.3200,6.0300
2026-06-08 18:00:27,320.0000,287.5000,310.0000,309.8200,5.7900
2026-06-08 18:30:28,310.0000,287.5000,305.0000,305.5400,5.7200
2026-06-08 19:00:30,310.0000,287.5000,305.0000,303.1200,5.6100
2026-06-08 19:30:28,310.0000,287.5000,305.0000,304.0200,5.5900
2026-06-08 20:00:23,310.0000,287.5000,305.0000,302.9900,5.4500
2026-06-09 09:24:26,310.0000,287.5000,300.0000,300.7100,5.3700
2026-06-09 09:44:56,310.0000,287.5000,300.0000,300.7100,5.3700
2026-06-09 12:03:09,310.0000,287.5000,300.0000,299.6600,5.4500
2026-06-09 13:00:12,310.0000,287.5000,300.0000,299.4100,5.4400
2026-06-09 13:30:22,310.0000,287.5000,300.0000,300.8000,5.3700
2026-06-09 14:00:25,300.0000,287.5000,295.0000,297.4400,5.1300
2026-06-09 14:30:30,300.0000,287.5000,295.0000,293.5300,5.3800
2026-06-09 15:00:22,300.0000,287.5000,295.0000,292.9000,5.4300
2026-06-09 15:30:21,300.0000,287.5000,295.0000,293.5100,5.3700
2026-06-09 16:00:29,300.0000,287.5000,290.0000,291.1900,5.3200
2026-06-09 16:30:34,300.0000,287.5000,290.0000,291.0200,5.4600
2026-06-09 17:00:30,300.0000,287.5000,290.0000,287.9400,5.7100
2026-06-09 17:30:28,300.0000,287.5000,290.0000,289.9800,5.4500
2026-06-09 18:00:30,300.0000,287.5000,290.0000,290.2300,5.2300
2026-06-09 18:30:28,300.0000,287.5000,290.0000,290.0300,5.2600
2026-06-09 19:00:27,300.0000,287.5000,290.0000,290.6200,5.1500
2026-06-09 19:30:27,300.0000,287.5000,290.0000,291.1100,5.1900
2026-06-09 20:00:30,300.0000,287.5000,290.0000,289.4200,5.3800
2026-06-10 06:50:51,300.0000,287.5000,290.0000,291.1100,5.2300
2026-06-10 12:17:37,300.0000,287.5000,290.0000,289.3100,5.3000
2026-06-10 13:01:11,300.0000,287.5000,290.0000,290.7500,5.2200
2026-06-10 13:30:23,300.0000,287.5000,290.0000,290.3500,5.2500
2026-06-10 14:00:20,300.0000,287.5000,290.0000,289.7800,5.1200
2026-06-10 14:03:13,300.0000,287.5000,290.0000,289.0400,5.2400
2026-06-10 14:30:41,300.0000,287.5000,290.0000,290.4000,5.0700
2026-06-10 14:39:47,300.0000,287.5000,290.0000,290.6300,5.0000
2026-06-10 15:00:22,300.0000,287.5000,290.0000,289.0400,5.1200
2026-06-10 15:06:26,300.0000,287.5000,290.0000,289.1400,5.1400
2026-06-10 15:30:27,300.0000,287.5000,290.0000,290.5000,5.2700
2026-06-10 16:00:25,300.0000,287.5000,290.0000,291.3200,5.2400
2026-06-10 16:30:25,300.0000,287.5000,290.0000,290.8300,5.2700
2026-06-10 17:00:19,300.0000,287.5000,295.0000,292.8100,5.3700
2026-06-10 17:30:19,300.0000,287.5000,290.0000,292.1000,5.3200
2026-06-10 18:00:28,300.0000,287.5000,295.0000,292.7700,5.3200
2026-06-10 18:30:28,300.0000,287.5000,295.0000,294.5400,5.3200
2026-06-10 19:00:25,300.0000,287.5000,295.0000,293.4800,5.3000
2026-06-10 19:30:26,300.0000,287.5000,295.0000,292.7500,5.3300
2026-06-10 20:00:22,300.0000,287.5000,290.0000,292.2100,5.2900
2026-06-11 09:35:36,300.0000,287.5000,290.0000,291.9800,5.3200
2026-06-11 13:00:10,300.0000,287.5000,290.0000,292.2000,5.3200
2026-06-11 13:30:24,300.0000,287.5000,290.0000,292.2600,5.3200
2026-06-11 14:00:23,300.0000,287.5000,290.0000,292.1600,5.2400
2026-06-11 14:30:21,300.0000,287.5000,290.0000,290.2400,5.1500
2026-06-11 15:00:21,300.0000,287.5000,290.0000,290.6700,5.0400
2026-06-11 15:14:13,300.0000,287.5000,290.0000,290.0800,5.1600
2026-06-11 15:30:23,300.0000,287.5000,290.0000,290.7300,5.1000
2026-06-11 15:37:24,300.0000,287.5000,290.0000,291.3300,5.0700
2026-06-11 15:40:19,300.0000,287.5000,290.0000,291.3800,5.0900
2026-06-11 16:00:28,300.0000,287.5000,295.0000,292.6800,5.1100
2026-06-11 16:31:19,300.0000,287.5000,295.0000,293.7200,5.1200
2026-06-11 16:50:12,300.0000,287.5000,295.0000,293.7600,5.1600
2026-06-11 17:00:34,300.0000,287.5000,295.0000,293.9800,5.1500
2026-06-11 17:08:38,300.0000,287.5000,295.0000,293.9500,5.1900
2026-06-11 17:26:37,300.0000,287.5000,295.0000,293.6800,5.2000
2026-06-11 17:30:30,300.0000,287.5000,295.0000,293.3600,5.1800
2026-06-11 18:00:24,300.0000,287.5000,295.0000,296.4600,4.9600
2026-06-11 18:30:24,300.0000,287.5000,295.0000,295.7100,4.9000
2026-06-11 19:00:32,300.0000,287.5000,295.0000,295.4500,4.8700
2026-06-11 19:30:30,300.0000,287.5000,295.0000,295.4000,4.8600
2026-06-11 20:00:29,300.0000,287.5000,295.0000,296.0300,4.8800
2026-06-12 12:19:22,300.0000,287.5000,295.0000,296.1600,4.8600
2026-06-12 13:00:09,300.0000,287.5000,295.0000,296.3300,4.8600
2026-06-12 13:30:20,300.0000,287.5000,295.0000,296.1600,4.8600
2026-06-12 14:00:19,300.0000,287.5000,290.0000,292.2800,5.1300
2026-06-12 14:23:37,300.0000,287.5000,290.0000,291.7300,4.9900
2026-06-12 14:30:23,300.0000,287.5000,290.0000,291.5100,4.9900
2026-06-12 14:32:12,300.0000,287.5000,295.0000,292.6300,5.0100
2026-06-12 15:00:28,300.0000,287.5000,290.0000,290.9900,4.9200
2026-06-12 15:30:23,300.0000,287.5000,295.0000,292.8500,4.8700
2026-06-12 16:00:21,300.0000,287.5000,290.0000,291.8600,4.9800
2026-06-12 16:30:24,300.0000,287.5000,290.0000,292.1200,4.9000
2026-06-12 17:00:22,295.0000,287.5000,290.0000,291.1000,4.7800
2026-06-12 17:30:25,295.0000,287.5000,290.0000,291.2100,4.6700
2026-06-12 18:00:31,295.0000,287.5000,290.0000,290.6700,4.6900
2026-06-12 18:30:30,295.0000,287.5000,290.0000,290.1700,4.6800
2026-06-12 19:00:25,295.0000,287.5000,290.0000,290.6300,4.7000
2026-06-12 19:30:26,295.0000,287.5000,290.0000,290.5500,4.6000
2026-06-12 20:00:31,295.0000,287.5000,290.0000,290.4700,4.6100
2026-06-15 04:00:10,295.0000,287.5000,290.0000,291.5200,4.5600
2026-06-15 06:54:22,295.0000,287.5000,290.0000,291.5200,4.5600
2026-06-15 13:00:10,295.0000,287.5000,290.0000,292.9400,4.5700
2026-06-15 13:30:21,295.0000,287.5000,290.0000,293.1200,4.5700
2026-06-15 14:00:24,300.0000,287.5000,290.0000,295.1200,5.3200
2026-06-15 14:30:30,300.0000,287.5000,290.0000,295.6800,5.0800
2026-06-15 15:00:29,300.0000,287.5000,290.0000,296.1000,5.1900
2026-06-15 15:22:29,300.0000,287.5000,290.0000,296.7000,5.2100
2026-06-15 15:30:30,300.0000,287.5000,290.0000,296.4400,5.1400
2026-06-15 16:00:23,300.0000,287.5000,290.0000,297.1000,5.1700
2026-06-15 16:30:23,300.0000,287.5000,290.0000,297.0300,5.1300
2026-06-15 17:00:29,300.0000,287.5000,290.0000,296.9700,5.0000
2026-06-15 17:30:25,300.0000,287.5000,290.0000,296.6600,5.0200
2026-06-15 18:00:21,300.0000,287.5000,290.0000,296.6100,4.5100
2026-06-15 18:30:21,300.0000,287.5000,290.0000,295.6900,5.0200
2026-06-15 19:00:25,300.0000,287.5000,290.0000,296.2700,5.1100
2026-06-15 19:30:28,300.0000,287.5000,290.0000,296.3300,4.9800
2026-06-15 20:00:29,300.0000,287.5000,290.0000,296.3400,5.0200
2026-06-16 13:00:09,300.0000,287.5000,295.0000,295.3600,4.9700
2026-06-16 13:30:23,300.0000,287.5000,295.0000,295.8800,4.9100
2026-06-16 14:00:23,300.0000,287.5000,295.0000,295.0600,5.2200
2026-06-16 14:12:32,300.0000,287.5000,295.0000,297.6900,5.3500
2026-06-16 14:30:22,300.0000,287.5000,295.0000,297.3800,5.3900
2026-06-16 15:00:18,300.0000,287.5000,295.0000,297.6500,5.3000
2026-06-16 15:05:25,300.0000,287.5000,295.0000,297.8600,5.3000
2026-06-16 15:30:19,300.0000,292.5000,295.0000,298.1400,4.9500
2026-06-16 16:00:19,300.0000,292.5000,295.0000,298.1200,5.1200
2026-06-16 16:30:20,300.0000,292.5000,295.0000,299.1400,5.2600
2026-06-16 17:00:22,300.0000,292.5000,295.0000,299.0000,5.2800
2026-06-16 17:30:24,300.0000,292.5000,295.0000,299.5800,5.1300
2026-06-16 18:00:23,300.0000,292.5000,295.0000,299.9600,5.0700
2026-06-16 18:30:20,300.0000,292.5000,295.0000,299.0900,5.0200
2026-06-16 19:00:25,300.0000,292.5000,295.0000,299.5100,5.2400
2026-06-16 19:30:26,300.0000,292.5000,295.0000,298.8700,4.7500
2026-06-16 20:00:24,300.0000,292.5000,295.0000,298.5000,4.8000
2026-06-17 10:53:40,300.0000,292.5000,295.0000,298.5600,5.1400
2026-06-17 13:00:09,300.0000,292.5000,295.0000,298.7500,5.1500
2026-06-17 13:30:17,300.0000,292.5000,295.0000,299.6700,5.1600
2026-06-17 14:00:17,310.0000,292.5000,295.0000,301.5400,5.8400
2026-06-17 14:30:20,305.0000,292.5000,295.0000,300.2200,4.9200
2026-06-17 15:00:23,300.0000,292.5000,295.0000,299.6400,5.4700
2026-06-17 15:30:25,300.0000,292.5000,295.0000,297.3300,5.5300
2026-06-17 16:00:22,300.0000,292.5000,295.0000,296.9200,4.9800
2026-06-17 16:30:22,300.0000,292.5000,295.0000,298.2300,5.9000
2026-06-17 17:00:30,300.0000,292.5000,295.0000,298.5000,5.8000
2026-06-17 17:30:29,300.0000,292.5000,295.0000,296.7000,5.3200
2026-06-17 18:00:30,300.0000,292.5000,295.0000,296.8700,5.0700
2026-06-17 18:30:48,300.0000,292.5000,295.0000,295.6600,5.1900
2026-06-17 19:01:16,300.0000,292.5000,295.0000,296.1500,5.8300
2026-06-17 19:31:11,300.0000,292.5000,295.0000,295.6000,4.6400
2026-06-17 20:00:48,300.0000,292.5000,295.0000,294.8900,5.4600
2026-06-18 09:18:46,300.0000,292.5000,295.0000,297.5800,6.1800
2026-06-18 09:22:24,300.0000,292.5000,295.0000,297.5800,6.1800
2026-06-18 11:14:29,300.0000,292.5000,295.0000,297.4500,6.1800
2026-06-18 13:00:23,300.0000,292.5000,295.0000,296.7500,6.1500
2026-06-18 13:30:50,300.0000,292.5000,295.0000,297.4800,6.1800
2026-06-18 14:00:51,300.0000,292.5000,295.0000,297.8300,9.3400
2026-06-18 14:30:47,300.0000,292.5000,295.0000,299.0600,7.8600
2026-06-18 15:00:46,300.0000,292.5000,295.0000,299.6200,8.4200
2026-06-18 15:30:47,300.0000,292.5000,295.0000,298.4700,6.1400
2026-06-18 16:00:46,300.0000,292.5000,295.0000,296.3100,7.9800
2026-06-18 16:30:47,300.0000,292.5000,295.0000,296.9900,7.2900
2026-06-18 17:00:51,300.0000,292.5000,295.0000,297.1500,7.5900
2026-06-18 17:30:49,300.0000,292.5000,295.0000,298.0200,9.6400
2026-06-18 18:00:48,300.0000,292.5000,295.0000,297.5500,9.0100
2026-06-18 18:30:49,300.0000,292.5000,295.0000,297.4700,10.9100
2026-06-18 19:00:47,300.0000,292.5000,295.0000,297.6200,12.7600
2026-06-18 19:31:02,297.5000,292.5000,295.0000,297.2400,16.0600
2026-06-18 20:00:59,300.0000,292.5000,295.0000,297.6400,21.3700
2026-06-19 13:00:11,305.0000,280.0000,295.0000,297.2300,4.0200
2026-06-19 13:30:21,305.0000,280.0000,295.0000,297.2300,4.0200
2026-06-19 14:00:21,305.0000,280.0000,295.0000,297.2300,4.0200
2026-06-19 14:30:22,305.0000,280.0000,295.0000,297.2300,4.0200
2026-06-19 15:00:25,305.0000,280.0000,295.0000,297.2300,4.0200
2026-06-19 15:30:26,305.0000,280.0000,295.0000,297.2300,4.0200
2026-06-19 16:00:26,305.0000,280.0000,295.0000,297.2300,4.0200
2026-06-19 16:30:24,305.0000,280.0000,295.0000,297.2300,4.0200
2026-06-19 17:00:23,305.0000,280.0000,295.0000,297.2300,4.0200
2026-06-19 17:30:24,305.0000,280.0000,295.0000,297.2300,4.0200
2026-06-19 18:00:21,305.0000,280.0000,295.0000,297.2300,4.0200
2026-06-19 18:30:23,305.0000,280.0000,295.0000,297.2300,4.0200
2026-06-19 19:00:25,305.0000,280.0000,295.0000,297.2300,4.0200
2026-06-19 19:30:22,305.0000,280.0000,295.0000,297.2300,4.0200
2026-06-19 20:00:25,305.0000,280.0000,295.0000,297.2300,4.0200
2026-06-22 07:01:30,305.0000,280.0000,295.0000,297.2300,4.0200
2026-06-22 11:12:25,305.0000,280.0000,295.0000,297.2000,4.0200
2026-06-22 13:00:11,305.0000,280.0000,295.0000,296.0200,4.0100
2026-06-22 13:30:23,305.0000,280.0000,295.0000,296.1800,4.0000
2026-06-22 14:00:22,305.0000,280.0000,295.0000,301.2900,5.4100
2026-06-22 14:30:19,305.0000,280.0000,295.0000,301.7900,5.0800
2026-06-22 15:00:19,305.0000,280.0000,295.0000,299.7800,5.3600
2026-06-22 15:30:23,305.0000,280.0000,295.0000,300.1300,5.3400
2026-06-22 16:00:23,305.0000,280.0000,295.0000,301.1700,5.1800
2026-06-22 16:30:25,305.0000,280.0000,295.0000,300.7300,5.3400
2026-06-22 17:00:32,305.0000,280.0000,295.0000,300.0200,5.0000
2026-06-22 17:30:32,305.0000,280.0000,295.0000,299.5300,4.9400
2026-06-22 18:00:29,305.0000,280.0000,295.0000,299.3000,4.9200
2026-06-22 18:30:28,305.0000,280.0000,295.0000,298.7000,4.9700
2026-06-22 19:00:28,305.0000,280.0000,295.0000,298.8300,5.2600
2026-06-22 19:30:31,305.0000,280.0000,295.0000,299.1400,5.3200
2026-06-23 10:50:00,305.0000,290.0000,297.5000,296.0900,5.2200
2026-06-23 13:00:12,305.0000,290.0000,297.5000,294.6900,5.4200
2026-06-23 13:30:24,305.0000,290.0000,297.5000,295.8800,5.1700
2026-06-23 14:00:24,305.0000,290.0000,297.5000,300.4300,6.1200
2026-06-23 14:30:22,305.0000,290.0000,297.5000,299.7400,5.7200
2026-06-23 14:52:55,305.0000,290.0000,297.5000,300.3600,5.6400
2026-06-23 15:00:27,305.0000,290.0000,297.5000,300.4300,5.6300
2026-06-23 15:30:25,305.0000,290.0000,297.5000,299.2800,5.3400
2026-06-23 16:00:26,305.0000,290.0000,297.5000,297.5900,4.9700
2026-06-23 16:18:25,305.0000,290.0000,297.5000,298.1500,5.3300
2026-06-23 16:25:47,305.0000,290.0000,297.5000,298.6300,5.3800
2026-06-23 16:30:32,305.0000,290.0000,297.5000,298.1800,5.0700
2026-06-23 17:00:25,305.0000,290.0000,297.5000,298.6400,5.3000
2026-06-23 17:30:25,305.0000,290.0000,297.5000,299.1100,5.2700
2026-06-23 18:00:31,305.0000,290.0000,297.5000,299.1400,5.2900
2026-06-23 18:12:14,305.0000,290.0000,297.5000,298.9500,4.7700
2026-06-23 18:30:31,305.0000,290.0000,297.5000,298.8400,5.4100
2026-06-23 19:00:27,305.0000,290.0000,297.5000,297.8400,4.7600
2026-06-23 19:16:27,305.0000,290.0000,297.5000,297.5000,4.8500
2026-06-23 19:30:27,305.0000,290.0000,297.5000,296.9300,4.9700
2026-06-23 20:00:30,300.0000,290.0000,297.5000,295.7500,5.0100
2026-06-24 08:13:35,300.0000,290.0000,297.5000,294.7000,5.5500
2026-06-24 13:00:10,300.0000,290.0000,297.5000,295.7500,4.9300
2026-06-24 13:30:25,300.0000,290.0000,297.5000,295.2500,4.9100
2026-06-24 14:00:23,300.0000,290.0000,297.5000,295.7000,5.4700
2026-06-24 14:30:18,300.0000,290.0000,297.5000,295.1700,5.3600
2026-06-24 14:34:55,300.0000,290.0000,297.5000,295.4400,5.7500
2026-06-24 15:00:25,300.0000,290.0000,297.5000,296.2300,5.5100
2026-06-24 15:30:22,300.0000,290.0000,297.5000,297.2800,5.5800
2026-06-24 16:00:23,300.0000,290.0000,297.5000,298.3300,5.0100
2026-06-24 16:30:22,300.0000,290.0000,297.5000,298.7500,5.3600
2026-06-24 17:00:26,300.0000,290.0000,297.5000,297.3700,5.7300
2026-06-24 17:30:24,300.0000,290.0000,297.5000,296.6200,5.2400
2026-06-24 18:00:20,300.0000,290.0000,297.5000,296.0300,5.1700
2026-06-24 18:30:23,300.0000,290.0000,297.5000,295.6900,5.3300
2026-06-24 19:00:29,300.0000,290.0000,297.5000,295.1000,5.5300
2026-06-24 19:30:32,300.0000,290.0000,297.5000,295.1000,5.8300
2026-06-24 20:00:28,300.0000,290.0000,297.5000,295.1000,5.9200
2026-06-25 06:51:47,300.0000,290.0000,297.5000,290.8100,5.7500
2026-06-25 08:30:43,300.0000,290.0000,297.5000,290.8100,5.7500
2026-06-25 12:55:50,300.0000,290.0000,300.0000,291.2200,5.7300
2026-06-25 13:00:22,300.0000,290.0000,300.0000,291.7800,5.7500
2026-06-25 13:30:21,300.0000,290.0000,300.0000,290.3000,5.6200
2026-06-25 14:00:22,300.0000,277.5000,297.5000,278.4200,8.4300
2026-06-25 14:30:23,300.0000,277.5000,297.5000,278.2100,8.2100
2026-06-25 15:00:22,300.0000,277.5000,297.5000,278.9100,8.1400
2026-06-25 15:30:21,300.0000,270.0000,257.5000,276.9000,6.5900
2026-06-25 16:00:23,300.0000,277.5000,297.5000,279.2000,7.7300
2026-06-25 16:30:26,300.0000,270.0000,257.5000,276.4100,7.6200
2026-06-25 17:00:25,300.0000,270.0000,257.5000,274.8700,8.3000
2026-06-25 17:30:24,300.0000,270.0000,257.5000,277.4000,7.8000
2026-06-25 18:00:26,300.0000,270.0000,257.5000,277.1700,5.9600
2026-06-25 18:30:25,300.0000,277.5000,297.5000,278.2200,7.0200
2026-06-25 19:00:28,300.0000,280.0000,297.5000,280.0400,7.2200
2026-06-25 19:30:31,300.0000,270.0000,295.0000,276.6900,5.6000
2026-06-25 20:00:27,300.0000,270.0000,257.5000,275.8100,7.7000
2026-06-26 07:27:45,300.0000,270.0000,257.5000,276.2500,9.1000
2026-06-26 07:47:30,300.0000,270.0000,257.5000,276.2500,9.1000
2026-06-26 13:00:12,280.0000,270.0000,277.5000,277.6000,8.4400
2026-06-26 13:30:23,280.0000,270.0000,277.5000,275.9200,7.9900
2026-06-26 14:00:20,280.0000,275.0000,277.5000,277.0700,9.0700
2026-06-26 14:17:38,280.0000,275.0000,277.5000,276.2000,10.7400
2026-06-26 14:30:31,280.0000,275.0000,277.5000,278.0200,9.5700
2026-06-26 15:00:27,280.0000,275.0000,277.5000,279.0400,9.2300
2026-06-26 15:30:25,280.0000,275.0000,277.5000,279.3000,9.3600
2026-06-26 16:00:23,280.0000,275.0000,277.5000,278.0700,8.5700
2026-06-26 16:30:21,280.0000,275.0000,277.5000,276.2500,9.1200
2026-06-26 17:00:27,280.0000,275.0000,277.5000,277.8900,9.5100
2026-06-26 17:30:28,280.0000,275.0000,277.5000,278.8100,10.6900
2026-06-26 18:00:25,280.0000,275.0000,277.5000,279.6000,10.3500
2026-06-26 18:30:24,282.5000,275.0000,277.5000,281.0300,11.2100
2026-06-26 19:00:23,282.5000,275.0000,277.5000,281.2700,13.1300
2026-06-26 19:30:21,282.5000,275.0000,277.5000,281.7300,13.3800
2026-06-26 20:00:25,282.5000,275.0000,277.5000,281.1900,24.1800
2026-06-29 08:54:07,287.5000,275.0000,282.5000,282.5000,4.6600
2026-06-29 09:08:58,287.5000,275.0000,282.5000,282.5000,4.6600
2026-06-29 09:12:06,287.5000,275.0000,282.5000,282.5000,4.6600
2026-06-29 12:14:50,287.5000,275.0000,282.5000,284.2900,4.5100
2026-06-29 13:00:11,287.5000,275.0000,282.5000,283.2500,4.8000
2026-06-29 13:30:21,287.5000,275.0000,282.5000,284.7200,4.4200
2026-06-29 14:00:18,287.5000,275.0000,282.5000,284.1900,6.1100
2026-06-29 14:30:22,282.5000,275.0000,282.5000,282.3600,5.8600
2026-06-29 15:00:24,282.5000,275.0000,282.5000,281.3100,5.3700
2026-06-29 15:06:15,282.5000,275.0000,282.5000,282.1600,5.8300
2026-06-29 16:04:04,282.5000,275.0000,282.5000,282.4100,5.5700
2026-06-29 16:30:28,282.5000,275.0000,280.0000,280.5200,5.6900
2026-06-29 17:00:28,282.5000,275.0000,280.0000,280.3000,5.6300
2026-06-29 17:30:32,282.5000,275.0000,280.0000,280.1000,5.5300
2026-06-29 17:51:03,282.5000,275.0000,282.5000,281.8100,5.6000
2026-06-29 18:00:27,282.5000,275.0000,282.5000,281.5600,5.6600
2026-06-29 18:30:32,282.5000,275.0000,282.5000,281.3800,5.6200
2026-06-29 19:00:30,282.5000,275.0000,282.5000,282.1400,5.5800
2026-06-29 19:30:23,287.5000,275.0000,282.5000,282.7200,5.5500
2026-06-29 20:00:26,282.5000,275.0000,282.5000,281.7500,5.3300
2026-06-30 08:29:30,282.5000,275.0000,282.5000,281.2700,5.0400
2026-06-30 13:00:13,282.5000,275.0000,280.0000,281.0500,4.9900
2026-06-30 13:30:30,282.5000,275.0000,280.0000,282.0200,4.9400
2026-06-30 13:47:07,287.5000,275.0000,280.0000,283.0600,6.4300
2026-06-30 14:01:11,287.5000,275.0000,280.0000,283.3000,5.9200
2026-06-30 14:30:25,287.5000,275.0000,280.0000,285.5000,5.8300
2026-06-30 14:35:49,295.0000,275.0000,280.0000,285.9600,5.7900
2026-06-30 14:38:58,295.0000,275.0000,280.0000,286.1700,5.9200
2026-06-30 15:00:24,287.5000,275.0000,280.0000,285.5000,5.6700
2026-06-30 15:30:24,295.0000,275.0000,280.0000,287.3200,5.6600
2026-06-30 16:00:25,295.0000,275.0000,280.0000,288.4300,5.2800
2026-06-30 16:30:25,295.0000,275.0000,280.0000,287.9400,5.4000
2026-06-30 17:00:21,295.0000,275.0000,280.0000,288.6100,5.3500
2026-06-30 17:30:20,295.0000,275.0000,280.0000,289.0200,5.2700
2026-06-30 18:00:25,295.0000,275.0000,280.0000,288.3700,5.4400
2026-06-30 18:30:26,295.0000,275.0000,280.0000,288.8400,5.3600
2026-06-30 19:00:26,295.0000,275.0000,280.0000,287.4500,5.1500
2026-06-30 19:30:30,295.0000,275.0000,280.0000,287.5000,5.3300
2026-06-30 20:00:27,295.0000,275.0000,280.0000,287.8500,5.2200
2026-06-30 20:23:15,295.0000,275.0000,280.0000,289.3100,5.5500
2026-07-01 05:02:04,295.0000,275.0000,280.0000,289.0100,5.5000
2026-07-01 11:36:41,295.0000,275.0000,287.5000,289.1100,5.5400
2026-07-01 12:34:52,295.0000,275.0000,287.5000,288.8600,5.5300
