time,open,high,low,close,volume
2026-04-21 15:30:29,285.0000,265.0000,272.5000,279.9500,11.5200
2026-04-21 16:00:27,285.0000,265.0000,272.5000,282.1800,11.8400
2026-04-21 16:30:25,285.0000,265.0000,272.5000,282.7500,12.1500
2026-04-21 17:00:28,285.0000,265.0000,272.5000,281.7300,12.0800
2026-04-21 17:30:32,285.0000,265.0000,272.5000,282.6400,12.4200
2026-04-21 18:00:33,285.0000,265.0000,272.5000,282.8600,12.1600
2026-04-21 18:30:30,300.0000,265.0000,272.5000,284.7400,12.3600
2026-04-21 19:00:31,300.0000,265.0000,272.5000,283.5500,12.3000
2026-04-21 19:30:33,300.0000,265.0000,272.5000,285.3200,12.4900
2026-04-21 20:00:31,285.0000,265.0000,272.5000,282.2300,12.6700
2026-04-22 07:44:12,300.0000,265.0000,272.5000,287.8000,12.2300
2026-04-22 13:00:13,300.0000,265.0000,272.5000,291.5000,12.2800
2026-04-22 13:30:38,300.0000,265.0000,272.5000,291.3100,12.2600
2026-04-22 14:00:37,300.0000,265.0000,272.5000,289.1000,13.5100
2026-04-22 14:30:28,300.0000,265.0000,272.5000,289.9100,13.0700
2026-04-22 15:35:50,300.0000,265.0000,272.5000,296.6400,13.9800
2026-04-22 16:00:27,300.0000,265.0000,272.5000,296.3200,13.7900
2026-04-22 16:30:23,300.0000,265.0000,272.5000,295.6400,13.5100
2026-04-22 17:00:26,300.0000,265.0000,272.5000,297.0700,13.6400
2026-04-22 17:30:30,300.0000,265.0000,272.5000,299.4800,14.0100
2026-04-22 18:00:27,305.0000,265.0000,272.5000,300.7000,14.1000
2026-04-22 18:30:27,305.0000,265.0000,272.5000,300.1600,13.8800
2026-04-22 19:00:30,305.0000,265.0000,272.5000,301.2900,14.1200
2026-04-22 19:30:30,305.0000,265.0000,272.5000,302.3500,14.1000
2026-04-22 20:00:30,305.0000,265.0000,272.5000,303.2300,14.0200
2026-04-23 08:21:36,305.0000,265.0000,272.5000,302.7000,13.8100
2026-04-23 09:24:16,307.5000,280.0000,297.5000,299.0800,13.8900
2026-04-23 13:00:15,307.5000,300.0000,302.5000,301.7700,13.8100
2026-04-23 13:30:28,307.5000,300.0000,302.5000,301.4500,13.7800
2026-04-23 13:42:29,302.5000,40.0000,nan,301.6600,nan
2026-04-23 14:00:29,307.5000,300.0000,302.5000,304.4200,15.3800
2026-04-23 14:30:30,307.5000,300.0000,302.5000,303.4500,14.4100
2026-04-23 15:00:28,307.5000,300.0000,302.5000,304.6900,14.0200
2026-04-23 15:30:28,315.0000,300.0000,302.5000,309.0000,13.9300
2026-04-23 16:00:30,315.0000,300.0000,302.5000,308.7500,14.2000
2026-04-23 16:30:29,315.0000,300.0000,302.5000,308.3000,14.0700
2026-04-23 17:00:28,315.0000,300.0000,302.5000,309.1900,14.0200
2026-04-23 17:30:26,307.5000,300.0000,302.5000,305.4800,14.6300
2026-04-23 18:00:27,307.5000,300.0000,302.5000,301.5400,15.0000
2026-04-23 18:30:29,307.5000,300.0000,302.5000,305.3300,14.0000
2026-04-23 19:00:27,307.5000,300.0000,302.5000,305.1700,13.3600
2026-04-23 19:30:27,307.5000,300.0000,302.5000,303.8500,13.8000
2026-04-23 20:00:28,307.5000,300.0000,302.5000,303.2200,13.6400
2026-04-24 06:59:03,330.0000,300.0000,302.5000,328.7000,15.0800
2026-04-24 12:01:03,350.0000,300.0000,305.0000,342.1800,16.5000
2026-04-24 12:21:17,350.0000,300.0000,305.0000,340.5600,16.1200
2026-04-24 13:00:15,340.0000,300.0000,305.0000,337.3300,15.8600
2026-04-24 13:28:50,340.0000,300.0000,305.0000,338.0700,17.8200
2026-04-24 13:30:30,340.0000,300.0000,305.0000,337.5700,17.7900
2026-04-24 14:10:19,350.0000,300.0000,305.0000,341.1800,28.1600
2026-04-24 14:30:29,350.0000,300.0000,305.0000,346.4600,26.9600
2026-04-24 15:00:28,350.0000,300.0000,305.0000,344.1800,23.5900
2026-04-24 15:30:26,350.0000,300.0000,305.0000,348.6500,21.6400
2026-04-24 16:00:27,350.0000,300.0000,305.0000,348.1700,21.2500
2026-04-24 16:30:32,360.0000,300.0000,305.0000,351.0500,22.4700
2026-04-24 17:00:32,350.0000,300.0000,305.0000,349.9500,21.8500
2026-04-24 17:32:00,350.0000,300.0000,305.0000,347.8700,21.2000
2026-04-24 18:02:01,350.0000,300.0000,305.0000,349.0000,18.0200
2026-04-24 18:30:29,350.0000,300.0000,305.0000,347.5600,20.4700
2026-04-24 19:00:30,350.0000,300.0000,305.0000,347.1700,23.6200
2026-04-24 19:30:32,350.0000,300.0000,305.0000,345.0800,23.7500
2026-04-24 20:00:30,350.0000,40.0000,nan,346.4700,21.9100
2026-04-27 06:57:45,350.0000,295.0000,297.5000,348.8400,14.6700
2026-04-27 13:00:14,370.0000,330.0000,347.5000,347.0000,14.6500
2026-04-27 13:30:32,370.0000,330.0000,347.5000,347.5100,14.6200
2026-04-27 14:00:32,350.0000,330.0000,325.0000,333.3400,16.0000
2026-04-27 14:30:28,355.0000,330.0000,347.5000,337.6600,15.7500
2026-04-27 15:00:29,350.0000,330.0000,325.0000,335.9800,15.7700
2026-04-27 15:30:29,350.0000,330.0000,325.0000,335.2700,15.9700
2026-04-27 16:00:27,350.0000,330.0000,325.0000,333.3500,15.9400
2026-04-27 16:30:28,350.0000,330.0000,325.0000,332.5000,16.0900
2026-04-27 18:07:49,350.0000,330.0000,325.0000,336.0200,16.2300
2026-04-27 18:30:36,350.0000,330.0000,325.0000,335.3700,16.3200
2026-04-27 19:00:30,350.0000,330.0000,347.5000,336.3400,16.4300
2026-04-27 19:30:32,355.0000,330.0000,347.5000,336.8700,16.2400
2026-04-27 20:00:31,350.0000,330.0000,325.0000,335.6400,16.2800
2026-04-28 12:34:24,370.0000,300.0000,317.5000,316.4200,16.3400
2026-04-28 13:00:28,370.0000,300.0000,317.5000,315.9400,16.3500
2026-04-28 13:30:28,370.0000,300.0000,312.5000,311.2000,16.4700
2026-04-28 13:55:41,350.0000,300.0000,325.0000,321.5000,17.1700
2026-04-28 14:00:28,350.0000,300.0000,325.0000,323.9000,17.2200
2026-04-28 14:02:15,350.0000,300.0000,325.0000,323.0300,17.1800
2026-04-28 14:07:38,350.0000,300.0000,325.0000,323.0600,17.0200
2026-04-28 14:30:32,350.0000,300.0000,325.0000,325.6700,16.7200
2026-04-28 14:35:13,350.0000,300.0000,325.0000,326.5700,16.5800
2026-04-28 15:00:32,350.0000,300.0000,317.5000,319.9800,16.2800
2026-04-28 15:30:25,350.0000,300.0000,317.5000,320.6200,16.3400
2026-04-28 16:00:26,350.0000,300.0000,317.5000,318.6100,16.2300
2026-04-28 16:05:41,350.0000,300.0000,317.5000,318.5900,16.2200
2026-04-28 16:30:28,350.0000,300.0000,317.5000,320.2400,16.4000
2026-04-28 16:38:22,350.0000,300.0000,325.0000,321.2900,16.3900
2026-04-28 16:45:45,350.0000,300.0000,317.5000,320.8000,16.3000
2026-04-28 17:00:31,350.0000,300.0000,317.5000,320.3000,16.2100
2026-04-28 17:30:29,350.0000,300.0000,325.0000,321.6900,16.1400
2026-04-28 18:00:29,350.0000,300.0000,325.0000,324.0800,16.1200
2026-04-28 18:30:30,350.0000,300.0000,325.0000,324.7600,16.2100
2026-04-28 19:00:32,350.0000,300.0000,325.0000,325.1200,16.3100
2026-04-28 19:30:29,350.0000,300.0000,325.0000,325.8800,16.6800
2026-04-28 20:00:34,350.0000,300.0000,325.0000,324.2100,16.2800
2026-04-29 05:28:46,350.0000,300.0000,325.0000,325.8800,16.1700
2026-04-29 08:40:05,350.0000,300.0000,325.0000,325.8800,16.1700
2026-04-29 08:44:34,350.0000,300.0000,325.0000,325.8800,16.1700
2026-04-29 08:46:40,350.0000,300.0000,325.0000,325.8800,16.1700
2026-04-29 08:50:31,350.0000,300.0000,325.0000,325.8800,16.1700
2026-04-29 13:00:16,350.0000,300.0000,327.5000,328.2400,16.0600
2026-04-29 13:30:32,350.0000,300.0000,327.5000,329.1800,16.0800
2026-04-29 14:00:31,350.0000,300.0000,320.0000,320.9500,17.8200
2026-04-29 14:30:30,350.0000,300.0000,320.0000,322.2700,17.7200
2026-04-29 15:00:26,350.0000,300.0000,327.5000,330.7700,18.1900
2026-04-29 15:30:28,350.0000,300.0000,327.5000,328.9400,18.7300
2026-04-29 16:00:31,350.0000,300.0000,327.5000,328.7200,19.0600
2026-04-29 16:30:29,350.0000,300.0000,327.5000,327.4800,19.3900
2026-04-29 17:00:31,350.0000,300.0000,327.5000,329.8400,19.2800
2026-04-29 17:30:33,350.0000,300.0000,335.0000,332.2200,19.6900
2026-04-29 18:00:36,350.0000,300.0000,335.0000,332.5700,18.8500
2026-04-29 18:30:35,350.0000,300.0000,335.0000,334.0000,18.9000
2026-04-29 19:00:31,350.0000,330.0000,335.0000,336.2100,18.6100
2026-04-29 19:30:30,350.0000,337.5000,335.0000,338.6100,18.3900
2026-04-29 20:00:25,350.0000,330.0000,335.0000,337.2500,18.3300
2026-04-30 05:24:49,350.0000,337.5000,347.5000,348.0000,18.9400
2026-04-30 13:43:13,345.0000,40.0000,nan,343.0000,nan
2026-04-30 14:00:28,350.0000,337.5000,342.5000,339.5300,18.0700
2026-04-30 14:30:31,355.0000,337.5000,342.5000,344.8300,17.8300
2026-04-30 15:00:30,350.0000,337.5000,340.0000,341.1100,16.6500
2026-04-30 15:30:23,355.0000,337.5000,340.0000,347.3500,16.6100
2026-04-30 15:43:14,355.0000,337.5000,340.0000,347.1900,16.4200
2026-04-30 16:00:31,355.0000,337.5000,340.0000,346.3900,16.4800
2026-04-30 16:06:52,355.0000,337.5000,340.0000,347.2700,16.4400
2026-04-30 16:21:10,355.0000,337.5000,340.0000,347.7100,16.3600
2026-04-30 16:30:47,355.0000,337.5000,340.0000,348.8800,16.3000
2026-04-30 16:55:09,355.0000,337.5000,340.0000,350.0700,16.0300
2026-04-30 17:00:30,355.0000,337.5000,340.0000,350.3200,16.0100
2026-04-30 17:08:30,355.0000,337.5000,340.0000,349.9100,15.7700
2026-04-30 17:17:56,355.0000,337.5000,340.0000,350.5700,15.7100
2026-04-30 17:30:30,355.0000,337.5000,340.0000,351.8900,15.9000
2026-04-30 17:48:10,355.0000,337.5000,340.0000,352.6400,15.8500
2026-04-30 18:00:27,355.0000,337.5000,340.0000,353.2900,15.8800
2026-04-30 18:30:26,355.0000,337.5000,340.0000,353.2000,15.5400
2026-04-30 19:00:28,355.0000,337.5000,340.0000,352.2500,15.3700
2026-04-30 19:30:32,355.0000,337.5000,340.0000,352.6700,14.7100
2026-04-30 20:00:26,355.0000,337.5000,340.0000,353.3300,14.3400
2026-04-30 20:29:45,355.0000,337.5000,340.0000,353.1000,14.5600
2026-05-01 12:44:59,360.0000,337.5000,347.5000,350.3100,14.7500
2026-05-01 13:00:22,360.0000,337.5000,347.5000,348.8000,14.7700
2026-05-01 13:30:20,360.0000,337.5000,347.5000,349.0000,14.3300
2026-05-01 14:00:22,360.0000,337.5000,347.5000,355.0800,21.6000
2026-05-01 14:30:24,355.0000,337.5000,347.5000,354.8700,17.9700
2026-05-01 15:00:22,355.0000,337.5000,347.5000,353.0300,18.5600
2026-05-01 15:30:22,355.0000,337.5000,347.5000,353.1300,17.0400
2026-05-01 16:00:25,355.0000,337.5000,347.5000,354.8400,18.3100
2026-05-01 16:30:29,360.0000,337.5000,347.5000,356.1200,18.6400
2026-05-01 17:00:25,360.0000,337.5000,347.5000,357.6400,19.9500
2026-05-01 17:30:23,360.0000,337.5000,347.5000,359.8900,18.1800
2026-05-01 18:00:24,365.0000,337.5000,347.5000,361.9800,20.6400
2026-05-01 18:30:24,362.5000,337.5000,347.5000,361.2300,17.9800
2026-05-01 19:00:24,360.0000,337.5000,347.5000,358.6500,16.9400
2026-05-01 19:30:26,360.0000,337.5000,347.5000,359.8600,18.8300
2026-05-01 20:00:27,362.5000,337.5000,347.5000,360.0900,21.6600
2026-05-04 04:00:10,400.0000,337.5000,350.0000,361.8500,17.0800
2026-05-04 07:25:34,400.0000,337.5000,350.0000,361.8500,17.0800
2026-05-04 13:00:13,400.0000,340.0000,355.0000,359.0000,16.9500
2026-05-04 13:23:48,400.0000,340.0000,355.0000,357.8000,16.9200
2026-05-04 13:30:30,400.0000,340.0000,355.0000,357.6400,16.9200
2026-05-04 14:00:24,400.0000,340.0000,350.0000,350.1600,17.9100
2026-05-04 14:30:22,350.0000,340.0000,350.0000,349.1100,17.7700
2026-05-04 15:00:27,350.0000,340.0000,345.0000,347.1500,17.5000
2026-05-04 15:07:23,350.0000,340.0000,345.0000,346.1000,17.4400
2026-05-04 16:27:45,350.0000,340.0000,345.0000,340.2600,17.2500
2026-05-04 16:30:33,350.0000,325.0000,335.0000,339.7600,17.1800
2026-05-04 17:00:29,350.0000,340.0000,345.0000,341.7800,17.2200
2026-05-04 17:30:29,350.0000,340.0000,345.0000,342.3700,17.1700
2026-05-04 18:00:32,350.0000,340.0000,345.0000,343.4700,17.1500
2026-05-04 18:30:33,350.0000,340.0000,345.0000,343.9800,17.1400
2026-05-04 19:00:35,350.0000,340.0000,345.0000,343.0100,17.0000
2026-05-04 19:30:31,350.0000,340.0000,345.0000,343.1200,17.0000
2026-05-04 20:00:29,350.0000,340.0000,345.0000,343.7000,16.9900
2026-05-05 06:54:00,350.0000,340.0000,345.0000,343.1500,16.9500
2026-05-05 13:00:14,350.0000,340.0000,342.5000,349.9800,17.2800
2026-05-05 13:30:28,400.0000,340.0000,342.5000,350.0300,17.2000
2026-05-05 14:00:27,400.0000,340.0000,342.5000,350.7900,17.4700
2026-05-05 14:30:22,350.0000,340.0000,342.5000,345.9800,17.4200
2026-05-05 15:00:25,400.0000,340.0000,342.5000,352.0800,18.4000
2026-05-05 15:30:31,400.0000,340.0000,342.5000,352.2600,18.5500
2026-05-05 16:00:31,400.0000,340.0000,342.5000,354.4400,18.6500
2026-05-05 16:30:28,400.0000,340.0000,342.5000,354.1400,18.3800
2026-05-05 17:00:31,400.0000,340.0000,342.5000,352.5700,18.2900
2026-05-05 17:30:33,400.0000,340.0000,342.5000,354.2700,18.5300
2026-05-05 18:00:26,400.0000,340.0000,342.5000,355.3200,18.5600
2026-05-05 18:30:29,400.0000,340.0000,342.5000,357.9800,18.8000
2026-05-05 19:00:37,400.0000,340.0000,342.5000,358.3200,18.8900
2026-05-05 19:30:37,400.0000,340.0000,342.5000,356.5600,18.5800
2026-05-05 20:00:33,400.0000,340.0000,342.5000,356.4700,18.7200
2026-05-06 09:21:43,450.0000,340.0000,360.0000,422.6100,23.3200
2026-05-06 13:00:17,450.0000,340.0000,360.0000,409.0000,22.2500
2026-05-06 13:30:35,450.0000,340.0000,360.0000,405.9900,22.0000
2026-05-06 14:00:27,530.0000,340.0000,360.0000,425.7200,19.5300
2026-05-06 14:30:27,450.0000,340.0000,360.0000,413.2500,18.6200
2026-05-06 15:00:34,450.0000,340.0000,360.0000,410.6200,18.5100
2026-05-06 15:30:26,450.0000,340.0000,360.0000,409.5500,18.2100
2026-05-06 16:00:24,450.0000,340.0000,360.0000,414.8700,18.4500
2026-05-06 16:30:25,450.0000,340.0000,360.0000,414.6800,18.2400
2026-05-06 17:00:29,450.0000,340.0000,360.0000,413.5400,18.4400
2026-05-06 17:30:34,450.0000,340.0000,360.0000,414.4800,18.0300
2026-05-06 18:00:34,450.0000,340.0000,360.0000,415.9400,17.8400
2026-05-06 18:30:37,450.0000,340.0000,360.0000,417.6300,18.0700
2026-05-06 19:00:32,450.0000,340.0000,360.0000,422.9900,18.6600
2026-05-06 19:30:31,450.0000,340.0000,360.0000,418.9600,18.4400
2026-05-06 20:00:34,450.0000,340.0000,360.0000,417.8200,18.4600
2026-05-07 13:00:14,430.0000,400.0000,412.5000,414.0000,21.2800
2026-05-07 13:30:30,430.0000,400.0000,412.5000,414.6900,21.2900
2026-05-07 14:00:32,430.0000,400.0000,412.5000,411.8500,22.2800
2026-05-07 14:30:33,430.0000,400.0000,417.5000,417.0400,21.1500
2026-05-07 15:00:35,430.0000,400.0000,417.5000,420.3800,21.3600
2026-05-07 15:30:33,425.0000,400.0000,412.5000,412.0000,20.4200
2026-05-07 16:00:26,425.0000,400.0000,412.5000,411.2500,20.1000
2026-05-07 16:30:28,425.0000,400.0000,405.0000,404.5700,20.1100
2026-05-07 17:00:36,425.0000,400.0000,405.0000,405.9000,19.7000
2026-05-07 17:30:12,425.0000,400.0000,402.5000,403.7500,19.2800
2026-05-07 17:31:30,425.0000,400.0000,402.5000,402.9200,19.3500
2026-05-07 18:00:35,425.0000,400.0000,405.0000,406.2100,19.1500
2026-05-07 18:07:22,425.0000,400.0000,405.0000,405.1900,19.4000
2026-05-07 18:30:28,425.0000,400.0000,405.0000,406.3100,18.9000
2026-05-07 19:00:29,425.0000,400.0000,405.0000,406.0100,18.9700
2026-05-07 19:30:33,425.0000,400.0000,405.0000,407.5600,18.9800
2026-05-07 20:00:33,425.0000,400.0000,405.0000,408.4000,18.4000
2026-05-08 09:00:54,430.0000,400.0000,410.0000,415.0400,18.3300
2026-05-08 13:00:16,430.0000,400.0000,410.0000,416.9800,18.4200
2026-05-08 13:30:33,430.0000,400.0000,410.0000,415.7500,18.1800
2026-05-08 14:00:33,450.0000,400.0000,410.0000,430.6900,31.3100
2026-05-08 14:30:34,450.0000,400.0000,410.0000,435.1900,28.8700
2026-05-08 15:00:35,440.0000,400.0000,410.0000,434.7300,27.3300
2026-05-08 15:30:31,440.0000,400.0000,410.0000,436.2500,26.1300
2026-05-08 16:00:26,440.0000,400.0000,410.0000,438.7700,25.8300
2026-05-08 16:30:30,450.0000,400.0000,410.0000,441.4400,27.4300
2026-05-08 17:00:35,450.0000,400.0000,410.0000,442.9600,28.6400
2026-05-08 17:30:36,450.0000,400.0000,410.0000,443.4800,31.0800
2026-05-08 18:00:32,450.0000,400.0000,410.0000,446.8900,32.6200
2026-05-08 18:30:26,450.0000,400.0000,410.0000,444.9000,31.3300
2026-05-08 19:00:29,450.0000,400.0000,410.0000,448.0100,26.7000
2026-05-08 19:30:34,450.0000,400.0000,410.0000,448.2900,34.6100
2026-05-08 20:00:31,455.0000,400.0000,410.0000,450.9400,41.8700
2026-05-11 07:07:39,530.0000,340.0000,400.0000,461.2000,20.5200
2026-05-11 09:32:45,472.5000,410.0000,435.0000,459.0100,20.4800
2026-05-11 13:00:17,472.5000,410.0000,435.0000,463.2200,20.7100
2026-05-11 13:30:32,472.5000,410.0000,435.0000,464.7000,20.8000
2026-05-11 14:00:32,472.5000,410.0000,435.0000,457.6600,24.7500
2026-05-11 14:16:37,472.5000,410.0000,435.0000,457.7400,23.9600
2026-05-11 14:30:34,472.5000,410.0000,435.0000,461.3900,23.6800
2026-05-11 15:00:34,472.5000,410.0000,435.0000,458.9300,23.8500
2026-05-11 15:30:32,472.5000,410.0000,435.0000,458.7200,23.9000
2026-05-11 15:41:05,472.5000,410.0000,435.0000,462.1200,24.0400
2026-05-11 16:00:32,472.5000,410.0000,435.0000,462.3800,24.1600
2026-05-11 16:30:33,530.0000,410.0000,435.0000,464.8000,24.4500
2026-05-11 17:00:34,530.0000,410.0000,435.0000,464.2200,24.5500
2026-05-11 17:30:33,472.5000,410.0000,435.0000,463.4200,24.5700
2026-05-11 18:00:26,472.5000,410.0000,435.0000,465.5400,24.2800
2026-05-11 18:30:29,530.0000,410.0000,435.0000,468.8000,24.6800
2026-05-11 19:00:35,472.5000,410.0000,435.0000,465.2500,24.4600
2026-05-11 19:30:34,472.5000,410.0000,435.0000,463.8200,24.4200
2026-05-11 20:00:33,472.5000,410.0000,435.0000,457.4300,23.3400
2026-05-12 09:38:35,500.0000,410.0000,445.0000,449.0300,22.9200
2026-05-12 12:18:20,500.0000,410.0000,445.0000,447.2600,22.8600
2026-05-12 13:00:16,500.0000,410.0000,445.0000,449.0000,22.9200
2026-05-12 13:30:30,500.0000,410.0000,445.0000,445.2700,22.8000
2026-05-12 14:00:31,472.5000,420.0000,445.0000,458.6000,23.7000
2026-05-12 14:22:57,472.5000,420.0000,445.0000,450.6900,22.7100
2026-05-12 14:30:32,472.5000,420.0000,445.0000,452.8500,22.5900
2026-05-12 14:37:05,472.5000,420.0000,445.0000,454.5600,22.6300
2026-05-12 15:00:38,472.5000,420.0000,445.0000,447.3900,21.9600
2026-05-12 15:30:35,472.5000,410.0000,440.0000,441.1800,22.0600
2026-05-12 16:00:30,472.5000,410.0000,440.0000,439.5400,21.8900
2026-05-12 16:30:30,472.5000,410.0000,440.0000,436.1100,21.7100
2026-05-12 16:52:38,472.5000,410.0000,430.0000,431.8800,21.5700
2026-05-12 17:00:35,430.0000,410.0000,430.0000,428.9200,21.7100
2026-05-12 17:30:32,472.5000,410.0000,430.0000,434.8800,22.1900
2026-05-12 17:32:27,472.5000,410.0000,440.0000,435.7500,22.3200
2026-05-12 18:00:32,472.5000,410.0000,440.0000,436.7000,22.3800
2026-05-12 18:30:33,472.5000,410.0000,440.0000,437.0900,22.3800
2026-05-12 19:00:30,472.5000,410.0000,440.0000,440.3500,22.6600
2026-05-12 19:30:30,472.5000,410.0000,440.0000,439.8600,22.4900
2026-05-12 20:00:29,472.5000,410.0000,445.0000,444.7100,22.8800
2026-05-13 09:16:45,470.0000,420.0000,440.0000,460.5200,23.9200
2026-05-13 09:32:08,470.0000,420.0000,440.0000,459.1500,23.8400
2026-05-13 10:42:00,470.0000,420.0000,440.0000,458.3200,23.8000
2026-05-13 13:00:14,470.0000,420.0000,440.0000,452.0000,23.3300
2026-05-13 13:30:29,470.0000,420.0000,440.0000,454.0000,23.5000
2026-05-13 14:00:37,470.0000,420.0000,440.0000,441.9900,24.2900
2026-05-13 14:30:38,470.0000,420.0000,430.0000,434.3600,24.3200
2026-05-13 15:00:32,470.0000,420.0000,440.0000,440.9800,23.1700
2026-05-13 15:15:10,470.0000,420.0000,440.0000,444.9900,23.5400
2026-05-13 15:24:37,470.0000,420.0000,440.0000,446.8100,23.4300
2026-05-13 15:30:33,470.0000,420.0000,440.0000,447.5700,23.3700
2026-05-13 15:46:50,470.0000,420.0000,440.0000,444.6700,23.0800
2026-05-13 15:50:21,470.0000,420.0000,440.0000,444.0100,22.8700
2026-05-13 15:56:35,470.0000,420.0000,440.0000,445.4300,23.1400
2026-05-13 16:00:33,470.0000,420.0000,440.0000,446.4800,23.2100
2026-05-13 16:21:04,470.0000,420.0000,440.0000,447.2500,23.6300
2026-05-13 16:24:02,470.0000,420.0000,440.0000,446.6900,23.2700
2026-05-13 16:29:27,470.0000,420.0000,440.0000,447.6500,23.4700
2026-05-13 16:30:43,470.0000,420.0000,440.0000,447.1000,23.4400
2026-05-13 16:32:18,470.0000,420.0000,440.0000,446.4000,23.3400
2026-05-13 16:44:06,470.0000,420.0000,440.0000,448.2000,23.3600
2026-05-13 16:46:07,470.0000,420.0000,440.0000,448.3600,23.3200
2026-05-13 16:49:26,470.0000,420.0000,440.0000,448.2800,23.2900
2026-05-13 16:55:21,470.0000,420.0000,440.0000,448.7000,23.4200
2026-05-13 17:00:32,470.0000,420.0000,440.0000,448.1000,23.3300
2026-05-13 17:18:59,470.0000,420.0000,440.0000,450.1500,24.0600
2026-05-13 17:22:00,470.0000,420.0000,440.0000,451.5500,23.9800
2026-05-13 17:30:34,470.0000,420.0000,440.0000,451.6300,23.6300
2026-05-13 17:35:59,470.0000,420.0000,440.0000,450.6000,23.4100
2026-05-13 18:00:32,470.0000,420.0000,440.0000,450.6300,23.6800
2026-05-13 18:30:31,470.0000,420.0000,440.0000,450.5900,23.2200
2026-05-13 19:00:31,470.0000,420.0000,440.0000,449.2400,22.8700
2026-05-13 19:30:31,470.0000,420.0000,440.0000,448.2900,22.7500
2026-05-13 20:00:33,470.0000,420.0000,440.0000,448.3700,22.4100
2026-05-13 20:14:52,470.0000,420.0000,440.0000,445.6200,22.8700
2026-05-14 06:35:24,470.0000,420.0000,440.0000,446.9100,23.1000
2026-05-14 10:21:34,462.5000,420.0000,442.5000,440.6700,22.8100
2026-05-14 12:46:17,462.5000,420.0000,442.5000,438.8000,22.7000
2026-05-14 13:00:54,462.5000,420.0000,430.0000,436.1700,22.5400
2026-05-14 13:30:46,462.5000,420.0000,430.0000,434.4900,22.4400
2026-05-14 14:00:32,462.5000,420.0000,442.5000,448.2100,26.5200
2026-05-14 14:30:31,462.5000,420.0000,442.5000,444.2500,25.5600
2026-05-14 14:54:14,462.5000,440.0000,442.5000,450.7400,25.4600
2026-05-14 15:00:33,462.5000,440.0000,442.5000,449.0500,25.0700
2026-05-14 15:30:34,462.5000,440.0000,442.5000,451.5200,24.5000
2026-05-14 16:00:34,462.5000,440.0000,442.5000,451.1100,24.1700
2026-05-14 16:30:34,462.5000,440.0000,442.5000,450.7000,24.3900
2026-05-14 17:00:34,462.5000,440.0000,442.5000,448.6200,24.1200
2026-05-14 17:30:34,462.5000,440.0000,442.5000,446.1200,24.5200
2026-05-14 18:00:33,462.5000,440.0000,442.5000,445.5100,23.6300
2026-05-14 18:30:30,462.5000,440.0000,442.5000,446.4700,23.2400
2026-05-14 19:00:30,462.5000,440.0000,442.5000,445.0400,23.0200
2026-05-14 19:30:33,462.5000,440.0000,442.5000,446.0900,22.4800
2026-05-14 20:00:34,462.5000,440.0000,442.5000,451.6800,22.7900
2026-05-15 10:00:39,470.0000,420.0000,430.0000,432.7500,22.9100
2026-05-15 10:02:36,470.0000,420.0000,430.0000,432.7500,22.9100
2026-05-15 10:52:44,470.0000,420.0000,430.0000,435.1300,22.8500
2026-05-15 13:00:17,470.0000,420.0000,430.0000,432.8100,22.9100
2026-05-15 13:02:36,470.0000,420.0000,430.0000,432.2500,22.9500
2026-05-15 13:30:32,470.0000,420.0000,430.0000,432.6400,22.9700
2026-05-15 14:00:33,447.5000,420.0000,430.0000,431.0000,32.6400
2026-05-15 14:30:35,447.5000,420.0000,430.0000,436.4000,30.9700
2026-05-15 15:00:35,447.5000,420.0000,430.0000,434.6300,28.3900
2026-05-15 15:30:34,445.0000,420.0000,430.0000,432.8100,20.7900
2026-05-15 16:00:35,445.0000,420.0000,430.0000,433.7300,21.8700
2026-05-15 16:30:34,445.0000,420.0000,430.0000,431.8300,22.9900
2026-05-15 16:43:53,445.0000,420.0000,430.0000,431.8000,24.3100
2026-05-15 17:00:38,445.0000,425.0000,430.0000,432.8900,21.0300
2026-05-15 17:30:07,445.0000,425.0000,430.0000,431.5300,21.9600
2026-05-15 17:31:20,445.0000,425.0000,430.0000,431.8100,21.5800
2026-05-15 18:00:30,445.0000,432.5000,430.0000,434.0000,24.7300
2026-05-15 18:30:32,445.0000,435.0000,430.0000,435.2400,23.5300
2026-05-15 19:00:31,445.0000,425.0000,430.0000,432.1400,26.5700
2026-05-15 19:30:27,445.0000,425.0000,430.0000,430.1900,28.9100
2026-05-15 20:00:28,430.0000,425.0000,430.0000,428.9500,29.7900
2026-05-18 13:00:16,437.5000,400.0000,432.5000,427.8000,18.8600
2026-05-18 13:30:31,437.5000,400.0000,432.5000,429.4200,18.9400
2026-05-18 14:00:29,437.5000,400.0000,432.5000,426.4000,23.2200
2026-05-18 14:30:31,437.5000,400.0000,432.5000,421.5400,22.9400
2026-05-18 15:00:33,437.5000,400.0000,432.5000,415.7100,22.4600
2026-05-18 15:30:27,437.5000,400.0000,432.5000,420.2100,22.7700
2026-05-18 16:00:19,437.5000,400.0000,432.5000,422.6500,22.7400
2026-05-18 16:30:24,437.5000,400.0000,432.5000,419.8400,22.4400
2026-05-18 17:00:28,437.5000,400.0000,432.5000,414.9300,22.4100
2026-05-18 17:30:24,437.5000,400.0000,432.5000,417.7300,22.0200
2026-05-18 18:00:28,437.5000,400.0000,432.5000,417.2900,21.9000
2026-05-18 18:30:31,437.5000,400.0000,432.5000,414.0400,21.9300
2026-05-18 19:00:31,437.5000,400.0000,432.5000,412.1900,21.8200
2026-05-18 19:30:31,437.5000,400.0000,432.5000,416.4700,22.1400
2026-05-18 20:00:29,437.5000,400.0000,432.5000,418.6100,22.3000
2026-05-19 13:00:15,437.5000,400.0000,425.0000,414.6800,21.8100
2026-05-19 13:30:30,437.5000,400.0000,425.0000,414.0000,21.8500
2026-05-19 14:00:31,437.5000,400.0000,425.0000,417.9500,23.4400
2026-05-19 14:30:33,437.5000,380.0000,425.0000,396.2700,22.4800
2026-05-19 15:00:31,437.5000,380.0000,425.0000,398.1000,21.8400
2026-05-19 15:30:30,437.5000,400.0000,425.0000,405.4000,21.5700
2026-05-19 16:00:32,437.5000,400.0000,425.0000,409.1100,21.7800
2026-05-19 16:30:36,437.5000,400.0000,425.0000,410.1600,22.0200
2026-05-19 17:00:36,437.5000,400.0000,425.0000,419.2800,22.7600
2026-05-19 17:30:33,437.5000,400.0000,425.0000,422.0000,22.8600
2026-05-19 18:00:32,437.5000,400.0000,425.0000,422.4900,22.8200
2026-05-19 18:30:31,437.5000,400.0000,425.0000,421.5000,22.8900
2026-05-19 19:00:27,437.5000,400.0000,425.0000,417.7000,22.1900
2026-05-19 19:30:27,437.5000,400.0000,425.0000,420.1300,22.5700
2026-05-19 20:00:31,437.5000,400.0000,425.0000,416.3900,22.0900
2026-05-26 09:19:03,500.0000,405.0000,457.5000,478.6800,19.3600
2026-05-26 10:22:10,500.0000,405.0000,457.5000,479.9000,19.4100
2026-05-26 13:00:12,500.0000,405.0000,457.5000,482.1900,19.5000
2026-05-26 13:30:26,500.0000,405.0000,457.5000,482.7600,19.5800
2026-05-26 14:00:29,500.0000,405.0000,457.5000,485.3100,26.1700
2026-05-26 14:30:33,500.0000,405.0000,457.5000,492.7000,26.4500
2026-05-26 15:00:31,500.0000,405.0000,457.5000,492.8100,26.0900
2026-05-26 15:30:30,500.0000,405.0000,457.5000,490.3600,25.8600
2026-05-26 16:00:26,500.0000,405.0000,457.5000,489.9600,26.2000
2026-05-26 16:30:24,500.0000,405.0000,457.5000,493.8400,26.5400
2026-05-26 17:00:30,500.0000,405.0000,457.5000,493.5600,26.1800
2026-05-26 17:30:29,500.0000,405.0000,457.5000,496.4900,26.9300
2026-05-26 18:00:30,500.0000,405.0000,457.5000,496.9200,27.1100
2026-05-26 18:30:31,500.0000,405.0000,457.5000,497.8000,26.8100
2026-05-26 19:00:30,500.0000,405.0000,457.5000,498.9800,27.0100
2026-05-26 19:30:30,520.0000,405.0000,457.5000,506.2400,28.6000
2026-05-26 20:00:32,505.0000,405.0000,457.5000,504.7400,27.8700
2026-05-27 11:55:26,520.0000,485.0000,505.0000,515.7600,28.5000
2026-05-27 13:00:10,520.0000,485.0000,505.0000,509.2900,28.1000
2026-05-27 13:30:24,520.0000,485.0000,505.0000,507.4000,28.0000
2026-05-27 14:00:30,500.0000,485.0000,500.0000,494.6400,28.6900
2026-05-27 14:30:31,500.0000,485.0000,500.0000,495.7000,27.8100
2026-05-27 15:00:33,500.0000,485.0000,500.0000,494.3300,27.0600
2026-05-27 15:30:29,500.0000,485.0000,487.5000,491.6100,26.0700
2026-05-27 16:00:23,500.0000,485.0000,487.5000,489.7000,25.5200
2026-05-27 16:30:25,500.0000,485.0000,500.0000,496.1200,26.2400
2026-05-27 17:00:28,500.0000,485.0000,500.0000,494.8300,25.1700
2026-05-27 17:30:31,500.0000,485.0000,487.5000,490.1200,25.3600
2026-05-27 18:00:31,500.0000,485.0000,487.5000,492.8000,25.2900
2026-05-27 18:30:29,500.0000,485.0000,500.0000,494.6400,25.6300
2026-05-27 19:00:28,500.0000,485.0000,500.0000,498.1200,26.2400
2026-05-27 19:30:27,500.0000,485.0000,500.0000,496.6700,26.1700
2026-05-27 20:00:28,500.0000,485.0000,500.0000,496.9400,25.7900
2026-05-28 09:08:05,500.0000,485.0000,487.5000,489.0400,24.8300
2026-05-28 13:00:12,500.0000,485.0000,487.5000,494.5300,25.0600
2026-05-28 13:30:27,500.0000,485.0000,487.5000,496.0600,25.1000
2026-05-28 14:00:31,500.0000,485.0000,487.5000,498.4300,28.3100
2026-05-28 14:30:30,510.0000,485.0000,487.5000,506.3600,28.3400
2026-05-28 15:00:28,510.0000,485.0000,487.5000,507.6800,27.1900
2026-05-28 15:30:29,520.0000,485.0000,487.5000,519.0700,29.1900
2026-05-28 15:34:56,525.0000,485.0000,487.5000,521.3000,29.5200
2026-05-28 15:45:44,525.0000,485.0000,487.5000,523.2400,29.4700
2026-05-28 15:48:08,550.0000,485.0000,487.5000,525.1100,29.8200
2026-05-28 16:00:25,525.0000,485.0000,487.5000,522.2600,28.6600
2026-05-28 16:30:27,520.0000,485.0000,487.5000,517.9700,27.8800
2026-05-28 16:59:11,520.0000,485.0000,487.5000,519.5800,27.6300
2026-05-28 17:00:24,520.0000,485.0000,487.5000,519.7800,27.7400
2026-05-28 17:30:28,525.0000,485.0000,487.5000,520.6400,27.5200
2026-05-28 18:00:31,525.0000,485.0000,487.5000,521.1100,27.4000
2026-05-28 18:30:27,520.0000,485.0000,487.5000,517.7300,26.7500
2026-05-28 19:00:26,520.0000,485.0000,487.5000,518.7800,27.1000
2026-05-28 19:20:57,520.0000,485.0000,487.5000,519.1200,26.4900
2026-05-28 19:30:28,520.0000,485.0000,487.5000,518.3600,26.6500
2026-05-28 20:00:30,525.0000,485.0000,487.5000,520.0600,26.4800
2026-05-29 05:44:50,525.0000,485.0000,487.5000,521.7200,25.6900
2026-05-29 08:47:44,525.0000,485.0000,487.5000,521.7200,25.6900
2026-05-29 13:00:15,530.0000,485.0000,510.0000,518.9500,25.5400
2026-05-29 13:30:32,530.0000,485.0000,510.0000,519.7200,25.6100
2026-05-29 14:00:26,525.0000,485.0000,510.0000,516.1200,36.8400
2026-05-29 14:30:24,525.0000,485.0000,510.0000,518.9200,31.7400
2026-05-29 15:00:31,510.0000,485.0000,510.0000,509.1100,27.0000
2026-05-29 15:30:29,525.0000,507.5000,510.0000,514.7600,29.8700
2026-05-29 16:00:26,520.0000,507.5000,510.0000,511.5200,24.7300
2026-05-29 16:30:29,520.0000,507.5000,510.0000,513.0100,26.5300
2026-05-29 17:00:27,520.0000,507.5000,510.0000,511.1800,26.1400
2026-05-29 17:30:23,510.0000,502.5000,510.0000,507.0700,26.1400
2026-05-29 18:00:21,510.0000,502.5000,500.0000,504.0500,27.1700
2026-05-29 18:30:21,510.0000,502.5000,510.0000,505.2400,25.5300
2026-05-29 19:00:29,510.0000,505.0000,510.0000,506.8000,25.3000
2026-05-29 19:30:30,510.0000,502.5000,500.0000,504.4100,32.0500
2026-05-29 20:00:31,510.0000,507.5000,510.0000,508.3100,44.9300
2026-06-01 04:00:10,550.0000,500.0000,505.0000,515.1300,23.6800
2026-06-01 07:35:38,550.0000,500.0000,505.0000,515.1300,23.6800
2026-06-01 13:00:09,520.0000,470.0000,497.5000,498.0000,22.9600
2026-06-01 13:30:21,520.0000,470.0000,497.5000,492.1800,22.8100
2026-06-01 14:00:21,520.0000,470.0000,497.5000,493.9200,26.0500
2026-06-01 14:27:47,520.0000,470.0000,497.5000,492.0100,25.6500
2026-06-01 14:30:27,520.0000,470.0000,497.5000,492.2400,25.6600
2026-06-01 15:00:24,520.0000,500.0000,505.0000,505.0600,26.5200
2026-06-01 15:30:24,520.0000,500.0000,505.0000,512.7500,27.7100
2026-06-01 15:41:46,520.0000,500.0000,505.0000,513.9100,27.4800
2026-06-01 16:00:22,520.0000,500.0000,505.0000,513.0300,26.9400
2026-06-01 16:30:22,520.0000,500.0000,505.0000,508.2400,26.6000
2026-06-01 17:00:23,520.0000,500.0000,505.0000,508.0800,26.5200
2026-06-01 17:28:36,520.0000,500.0000,505.0000,508.9800,26.9000
2026-06-01 17:30:23,520.0000,500.0000,505.0000,509.6000,26.9200
2026-06-01 18:00:25,520.0000,500.0000,505.0000,511.9900,27.0900
2026-06-01 18:30:29,520.0000,500.0000,505.0000,513.5700,27.1100
2026-06-01 19:00:27,520.0000,500.0000,505.0000,511.8200,26.4300
2026-06-01 19:30:30,520.0000,500.0000,505.0000,513.0900,26.7100
2026-06-01 20:00:26,520.0000,500.0000,505.0000,510.4900,26.4900
2026-06-02 10:56:07,520.0000,500.0000,505.0000,505.0000,25.7300
2026-06-02 13:00:15,520.0000,500.0000,505.0000,505.7100,25.7300
2026-06-02 13:30:28,520.0000,500.0000,505.0000,503.4900,25.6700
2026-06-02 14:00:29,520.0000,500.0000,505.0000,507.0100,27.0700
2026-06-02 14:30:33,520.0000,500.0000,505.0000,510.5300,27.1700
2026-06-02 15:00:31,520.0000,500.0000,505.0000,508.0200,26.9600
2026-06-02 15:30:25,520.0000,500.0000,505.0000,509.8300,26.9200
2026-06-02 16:00:25,520.0000,500.0000,505.0000,513.5600,27.0400
2026-06-02 16:30:27,520.0000,500.0000,505.0000,516.6200,27.0100
2026-06-02 17:00:27,520.0000,500.0000,505.0000,513.7900,26.5000
2026-06-02 17:30:30,520.0000,500.0000,505.0000,514.4700,26.5300
2026-06-02 18:00:29,520.0000,500.0000,505.0000,512.2800,25.8600
2026-06-02 18:30:25,520.0000,500.0000,505.0000,514.9600,26.2100
2026-06-02 19:00:29,520.0000,500.0000,505.0000,514.9100,26.4500
2026-06-02 19:30:33,520.0000,500.0000,505.0000,517.8600,26.9500
2026-06-02 20:00:33,520.0000,500.0000,505.0000,517.9000,26.3100
2026-06-03 04:54:46,520.0000,500.0000,505.0000,519.2700,27.1000
2026-06-03 13:00:09,550.0000,500.0000,505.0000,534.5000,27.8900
2026-06-03 13:30:22,550.0000,500.0000,505.0000,535.9700,27.9600
2026-06-03 14:00:21,550.0000,500.0000,505.0000,532.2000,31.2400
2026-06-03 14:30:20,550.0000,500.0000,505.0000,536.1000,30.9300
2026-06-03 15:00:27,550.0000,500.0000,505.0000,535.9000,31.0300
2026-06-03 15:30:25,550.0000,500.0000,505.0000,538.6700,31.1500
2026-06-03 16:00:19,550.0000,500.0000,505.0000,531.2400,29.7800
2026-06-03 16:30:22,550.0000,500.0000,505.0000,534.4800,29.9500
2026-06-03 17:00:27,550.0000,500.0000,505.0000,530.9800,29.9000
2026-06-03 17:30:29,550.0000,500.0000,505.0000,532.3400,29.3900
2026-06-03 18:00:31,550.0000,500.0000,505.0000,538.1500,30.0400
2026-06-03 18:30:34,550.0000,500.0000,505.0000,538.8900,29.7700
2026-06-03 19:00:33,550.0000,500.0000,505.0000,542.2500,30.3700
2026-06-03 19:30:33,550.0000,500.0000,505.0000,539.3600,29.8400
2026-06-03 20:00:32,550.0000,500.0000,505.0000,543.0600,30.1700
2026-06-04 10:47:23,600.0000,425.0000,510.0000,522.5800,23.8600
2026-06-04 13:00:16,600.0000,425.0000,510.0000,522.6900,23.8700
2026-06-04 13:30:33,600.0000,425.0000,510.0000,521.4900,23.9300
2026-06-04 14:00:33,600.0000,425.0000,505.0000,504.5500,23.1200
2026-06-04 14:30:29,600.0000,425.0000,505.0000,506.7500,22.9300
2026-06-04 15:00:27,600.0000,425.0000,510.0000,514.2200,23.0500
2026-06-04 15:30:25,600.0000,425.0000,510.0000,525.6000,23.6800
2026-06-04 16:00:26,600.0000,425.0000,510.0000,523.1700,22.8600
2026-06-04 16:30:29,600.0000,425.0000,510.0000,520.5600,22.6400
2026-06-04 17:00:25,600.0000,425.0000,510.0000,523.7000,22.8700
2026-06-04 17:30:25,600.0000,425.0000,510.0000,524.9700,23.0300
2026-06-04 18:00:30,600.0000,425.0000,510.0000,526.0600,22.9100
2026-06-04 18:30:32,600.0000,425.0000,510.0000,531.2300,23.3700
2026-06-04 19:00:31,600.0000,425.0000,510.0000,526.3500,23.1100
2026-06-04 19:30:27,600.0000,425.0000,510.0000,525.6400,23.0000
2026-06-04 20:00:23,600.0000,425.0000,510.0000,525.6300,23.1500
2026-06-05 09:31:14,600.0000,425.0000,500.0000,510.3600,22.3500
2026-06-05 13:00:11,600.0000,425.0000,500.0000,505.2500,22.1300
2026-06-05 13:30:25,600.0000,425.0000,500.0000,505.7800,22.1500
2026-06-05 14:00:31,600.0000,425.0000,495.0000,495.6900,22.3000
2026-06-05 14:30:32,500.0000,425.0000,495.0000,492.5000,21.7500
2026-06-05 15:00:32,500.0000,425.0000,490.0000,491.7100,21.5900
2026-06-05 15:30:27,500.0000,425.0000,490.0000,487.0300,21.6600
2026-06-05 16:00:24,500.0000,425.0000,490.0000,486.0700,21.8600
2026-06-05 16:30:26,500.0000,425.0000,480.0000,482.3700,21.6400
2026-06-05 17:00:29,500.0000,425.0000,470.0000,473.7200,21.9100
2026-06-05 17:30:28,500.0000,425.0000,470.0000,474.2000,21.6100
2026-06-05 18:00:21,500.0000,425.0000,470.0000,473.2400,21.2600
2026-06-05 18:30:25,500.0000,425.0000,470.0000,472.0700,21.4900
2026-06-05 19:00:34,500.0000,425.0000,470.0000,466.0200,21.7000
2026-06-05 19:30:33,500.0000,425.0000,470.0000,467.8700,21.8100
2026-06-05 20:00:26,500.0000,425.0000,470.0000,471.2100,21.6800
2026-06-08 07:05:28,500.0000,425.0000,460.0000,458.8000,21.4300
2026-06-08 08:48:59,500.0000,425.0000,460.0000,458.8000,21.4300
2026-06-08 13:00:10,500.0000,425.0000,487.5000,484.8000,22.5600
2026-06-08 13:30:20,500.0000,425.0000,487.5000,489.0000,22.7800
2026-06-08 14:00:20,500.0000,425.0000,487.5000,485.5400,23.2400
2026-06-08 14:30:20,500.0000,425.0000,487.5000,486.4800,23.8900
2026-06-08 14:34:27,500.0000,425.0000,487.5000,486.1800,23.8400
2026-06-08 15:00:23,500.0000,425.0000,487.5000,488.7000,23.6800
2026-06-08 15:30:28,500.0000,425.0000,492.5000,493.2300,23.8400
2026-06-08 16:00:27,500.0000,425.0000,492.5000,491.2600,23.8300
2026-06-08 16:30:22,500.0000,425.0000,487.5000,489.7800,23.5600
2026-06-08 17:00:20,500.0000,425.0000,492.5000,491.2200,23.7800
2026-06-08 17:30:21,500.0000,425.0000,487.5000,488.5700,23.7700
2026-06-08 18:00:27,500.0000,425.0000,487.5000,489.0000,23.8000
2026-06-08 18:30:28,500.0000,425.0000,492.5000,491.8800,23.7000
2026-06-08 19:00:30,500.0000,425.0000,492.5000,490.9900,23.7100
2026-06-08 19:30:28,500.0000,425.0000,487.5000,488.6600,23.7900
2026-06-08 20:00:23,500.0000,425.0000,487.5000,488.2300,23.7500
2026-06-09 09:24:26,500.0000,425.0000,487.5000,489.5600,23.8000
2026-06-09 09:44:56,500.0000,425.0000,492.5000,498.6000,24.1800
2026-06-09 12:03:09,600.0000,425.0000,492.5000,503.5600,24.4200
2026-06-09 13:00:12,600.0000,425.0000,492.5000,500.1000,24.2600
2026-06-09 13:30:22,600.0000,425.0000,492.5000,503.1800,24.4200
2026-06-09 14:00:25,500.0000,425.0000,487.5000,488.8900,23.4100
2026-06-09 14:30:30,500.0000,425.0000,487.5000,488.1000,23.0600
2026-06-09 15:00:22,500.0000,425.0000,480.0000,481.9000,22.9900
2026-06-09 15:30:21,500.0000,425.0000,480.0000,480.4300,23.1100
2026-06-09 16:00:29,500.0000,425.0000,470.0000,468.3800,23.0100
2026-06-09 16:30:34,500.0000,425.0000,450.0000,452.1100,22.9400
2026-06-09 17:00:30,450.0000,425.0000,440.0000,442.2800,23.6300
2026-06-09 17:30:28,500.0000,425.0000,450.0000,455.0000,23.2700
2026-06-09 18:00:30,500.0000,425.0000,460.0000,462.7000,23.3100
2026-06-09 18:30:28,500.0000,425.0000,460.0000,461.8800,23.5900
2026-06-09 19:00:27,500.0000,425.0000,470.0000,465.5200,23.2900
2026-06-09 19:30:27,500.0000,425.0000,470.0000,465.1200,22.9600
2026-06-09 20:00:30,500.0000,425.0000,470.0000,467.6900,23.3200
2026-06-10 06:50:51,500.0000,425.0000,470.0000,471.0000,23.7100
2026-06-10 12:17:37,530.0000,425.0000,460.0000,456.7000,23.1800
2026-06-10 13:01:11,530.0000,425.0000,470.0000,467.0100,23.5300
2026-06-10 13:30:23,530.0000,425.0000,470.0000,465.5000,23.5200
2026-06-10 14:00:20,530.0000,425.0000,470.0000,470.2700,23.8700
2026-06-10 14:03:13,530.0000,425.0000,470.0000,472.2000,23.9500
2026-06-10 14:30:41,530.0000,425.0000,470.0000,470.8400,23.5500
2026-06-10 14:39:47,530.0000,425.0000,470.0000,473.1300,23.7400
2026-06-10 15:00:22,530.0000,425.0000,470.0000,472.9500,23.6700
2026-06-10 15:06:26,530.0000,425.0000,470.0000,469.6400,23.4400
2026-06-10 15:30:27,530.0000,425.0000,460.0000,457.2200,23.3400
2026-06-10 16:00:25,530.0000,425.0000,460.0000,459.4000,23.4800
2026-06-10 16:30:25,530.0000,425.0000,460.0000,456.6200,23.8600
2026-06-10 17:00:19,530.0000,425.0000,460.0000,456.5300,23.5800
2026-06-10 17:30:19,530.0000,425.0000,450.0000,452.7300,23.2300
2026-06-10 18:00:28,530.0000,425.0000,450.0000,453.3800,23.2300
2026-06-10 18:30:28,530.0000,425.0000,460.0000,457.1900,22.8800
2026-06-10 19:00:25,530.0000,425.0000,450.0000,453.5200,22.8400
2026-06-10 19:30:26,530.0000,425.0000,450.0000,451.9900,23.1800
2026-06-10 20:00:22,530.0000,425.0000,450.0000,454.4200,23.1600
2026-06-11 09:35:36,475.0000,425.0000,460.0000,462.0500,23.5200
2026-06-11 13:00:10,475.0000,425.0000,460.0000,457.0000,23.3000
2026-06-11 13:30:24,475.0000,425.0000,460.0000,461.0000,23.4800
2026-06-11 14:00:23,530.0000,425.0000,470.0000,468.1100,24.0700
2026-06-11 14:30:21,530.0000,425.0000,470.0000,470.1200,24.0800
2026-06-11 15:00:21,530.0000,425.0000,470.0000,472.0200,24.3000
2026-06-11 15:14:13,530.0000,425.0000,470.0000,465.0100,23.9900
2026-06-11 15:30:23,530.0000,425.0000,470.0000,466.8200,23.8900
2026-06-11 15:37:24,530.0000,425.0000,470.0000,468.7600,24.0900
2026-06-11 15:40:19,530.0000,425.0000,470.0000,467.4100,24.0300
2026-06-11 16:00:28,530.0000,425.0000,470.0000,465.8500,24.0100
2026-06-11 16:31:19,530.0000,425.0000,470.0000,468.5600,23.7600
2026-06-11 16:50:12,530.0000,425.0000,470.0000,467.6200,23.8400
2026-06-11 17:00:34,530.0000,425.0000,470.0000,466.6200,23.8100
2026-06-11 17:08:38,530.0000,425.0000,460.0000,463.7000,23.5900
2026-06-11 17:26:37,475.0000,425.0000,460.0000,462.0500,23.4300
2026-06-11 17:30:30,475.0000,425.0000,460.0000,460.4600,23.3800
2026-06-11 18:00:24,530.0000,425.0000,475.0000,476.7900,23.5900
2026-06-11 18:30:24,530.0000,425.0000,475.0000,475.1200,23.2000
2026-06-11 19:00:32,530.0000,425.0000,480.0000,478.4800,23.0800
2026-06-11 19:30:30,530.0000,425.0000,487.5000,485.0400,23.9200
2026-06-11 20:00:29,530.0000,425.0000,487.5000,488.4800,23.7700
2026-06-12 12:19:22,530.0000,425.0000,487.5000,497.8700,23.9700
2026-06-12 13:00:09,530.0000,425.0000,487.5000,495.0000,23.8500
2026-06-12 13:30:20,530.0000,425.0000,487.5000,494.4000,23.8600
2026-06-12 14:00:19,550.0000,425.0000,487.5000,504.7500,25.5900
2026-06-12 14:23:37,550.0000,425.0000,487.5000,516.5100,25.9200
2026-06-12 14:30:23,550.0000,425.0000,487.5000,514.6000,25.4700
2026-06-12 14:32:12,550.0000,425.0000,487.5000,514.5200,25.3100
2026-06-12 15:00:28,550.0000,425.0000,487.5000,510.9100,24.6800
2026-06-12 15:30:23,550.0000,425.0000,487.5000,513.6800,24.4500
2026-06-12 16:00:21,550.0000,425.0000,487.5000,510.7300,24.5100
2026-06-12 16:30:24,550.0000,425.0000,487.5000,512.4000,24.6000
2026-06-12 17:00:22,550.0000,425.0000,487.5000,511.8000,24.4000
2026-06-12 17:30:25,550.0000,425.0000,487.5000,515.2500,24.8200
2026-06-12 18:00:31,550.0000,425.0000,487.5000,520.3300,25.2500
2026-06-12 18:30:30,550.0000,425.0000,487.5000,514.4800,24.3200
2026-06-12 19:00:25,550.0000,425.0000,487.5000,516.0500,24.4100
2026-06-12 19:30:26,550.0000,425.0000,487.5000,514.4900,24.2600
2026-06-12 20:00:31,550.0000,425.0000,487.5000,514.6100,24.1800
2026-06-15 04:00:10,550.0000,425.0000,487.5000,514.6300,24.4900
2026-06-15 06:54:22,550.0000,425.0000,487.5000,514.6300,24.4900
2026-06-15 13:00:10,550.0000,495.0000,512.5000,532.0300,25.0700
2026-06-15 13:30:21,550.0000,495.0000,512.5000,534.7500,25.2300
2026-06-15 14:00:24,600.0000,495.0000,512.5000,551.9800,31.4200
2026-06-15 14:30:30,600.0000,495.0000,512.5000,550.3800,31.0300
2026-06-15 15:00:29,600.0000,495.0000,512.5000,546.6600,30.9900
2026-06-15 15:22:29,600.0000,495.0000,512.5000,551.8800,31.8600
2026-06-15 15:30:30,600.0000,495.0000,512.5000,550.9300,31.4700
2026-06-15 16:00:23,600.0000,495.0000,512.5000,548.0900,31.3700
2026-06-15 16:30:23,600.0000,495.0000,512.5000,549.4400,31.3900
2026-06-15 17:00:29,600.0000,495.0000,512.5000,550.0800,31.0900
2026-06-15 17:30:25,600.0000,495.0000,512.5000,547.5100,30.6200
2026-06-15 18:00:21,600.0000,495.0000,512.5000,550.4600,30.7800
2026-06-15 18:30:21,600.0000,495.0000,512.5000,549.6300,30.5000
2026-06-15 19:00:25,600.0000,495.0000,512.5000,548.5700,30.3000
2026-06-15 19:30:28,600.0000,495.0000,512.5000,545.1800,29.9300
2026-06-15 20:00:29,600.0000,495.0000,512.5000,547.7900,29.6700
2026-06-16 13:00:09,600.0000,500.0000,542.5000,543.0000,29.5500
2026-06-16 13:30:23,600.0000,500.0000,542.5000,541.4500,29.4600
2026-06-16 14:00:23,600.0000,500.0000,542.5000,540.7000,29.8500
2026-06-16 14:12:32,550.0000,500.0000,542.5000,540.9100,29.1700
2026-06-16 14:30:22,550.0000,500.0000,542.5000,537.8200,28.1300
2026-06-16 15:00:18,550.0000,500.0000,542.5000,529.6100,28.2000
2026-06-16 15:05:25,550.0000,500.0000,512.5000,525.8900,28.5500
2026-06-16 15:30:19,550.0000,500.0000,512.5000,526.5800,27.5300
2026-06-16 16:00:19,550.0000,500.0000,512.5000,518.5100,27.7900
2026-06-16 16:30:20,550.0000,500.0000,512.5000,524.3300,27.2100
2026-06-16 17:00:22,550.0000,500.0000,512.5000,520.3600,27.0200
2026-06-16 17:30:24,550.0000,500.0000,512.5000,521.3100,26.5500
2026-06-16 18:00:23,550.0000,500.0000,512.5000,520.1800,27.0700
2026-06-16 18:30:20,550.0000,500.0000,512.5000,520.0000,26.6600
2026-06-16 19:00:25,550.0000,500.0000,512.5000,517.8700,26.6000
2026-06-16 19:30:26,550.0000,500.0000,512.5000,514.6300,26.7600
2026-06-16 20:00:24,517.5000,500.0000,512.5000,514.3600,26.6400
2026-06-17 10:53:40,550.0000,500.0000,520.0000,521.0600,27.0100
2026-06-17 13:00:09,550.0000,500.0000,520.0000,521.6000,27.0000
2026-06-17 13:30:17,550.0000,500.0000,520.0000,521.2100,26.9700
2026-06-17 14:00:17,550.0000,500.0000,520.0000,519.6800,29.5200
2026-06-17 14:30:20,550.0000,500.0000,512.5000,515.7000,28.7500
2026-06-17 15:00:23,550.0000,510.0000,520.0000,522.1000,29.1400
2026-06-17 15:30:25,550.0000,510.0000,525.0000,523.2300,28.1600
2026-06-17 16:00:22,550.0000,510.0000,525.0000,523.4200,28.1100
2026-06-17 16:30:22,550.0000,510.0000,520.0000,522.2000,28.0800
2026-06-17 17:00:30,550.0000,510.0000,525.0000,522.7000,27.7200
2026-06-17 17:30:29,550.0000,510.0000,525.0000,523.2200,27.7300
2026-06-17 18:00:30,550.0000,510.0000,525.0000,523.1000,27.2900
2026-06-17 18:30:48,550.0000,510.0000,525.0000,522.6200,27.7500
2026-06-17 19:01:16,550.0000,510.0000,535.0000,530.4400,29.4500
2026-06-17 19:31:11,550.0000,510.0000,525.0000,523.0700,28.2900
2026-06-17 20:00:48,550.0000,500.0000,512.5000,514.3500,29.5800
2026-06-18 09:18:46,550.0000,500.0000,535.0000,526.0000,28.8600
2026-06-18 09:22:24,550.0000,500.0000,535.0000,527.4900,28.5900
2026-06-18 11:14:29,550.0000,500.0000,535.0000,527.4700,28.5900
2026-06-18 13:00:23,550.0000,500.0000,535.0000,531.5000,28.1500
2026-06-18 13:30:50,550.0000,500.0000,535.0000,534.0000,26.9000
2026-06-18 14:00:51,550.0000,510.0000,535.0000,531.6100,39.8000
2026-06-18 14:30:47,550.0000,510.0000,535.0000,530.9600,35.6800
2026-06-18 15:00:46,532.5000,510.0000,535.0000,529.7400,34.5100
2026-06-18 15:30:47,550.0000,510.0000,540.0000,537.7800,32.5500
2026-06-18 16:00:46,530.0000,510.0000,535.0000,527.6300,30.9000
2026-06-18 16:30:47,540.0000,510.0000,535.0000,533.2000,32.0700
2026-06-18 17:00:51,540.0000,510.0000,535.0000,533.2900,30.9000
2026-06-18 17:30:49,540.0000,510.0000,535.0000,533.7900,33.3600
2026-06-18 18:00:48,540.0000,510.0000,535.0000,534.7700,28.8600
2026-06-18 18:30:49,532.5000,510.0000,535.0000,532.4400,28.6700
2026-06-18 19:00:47,530.0000,510.0000,535.0000,529.9800,33.9900
2026-06-18 19:31:02,532.5000,510.0000,535.0000,531.9800,37.2500
2026-06-18 20:00:59,535.0000,510.0000,535.0000,534.2700,50.9500
2026-06-19 13:00:11,550.0000,480.0000,525.0000,536.9900,23.4000
2026-06-19 13:30:21,550.0000,480.0000,525.0000,536.9900,23.4000
2026-06-19 14:00:21,550.0000,480.0000,525.0000,536.9900,23.4000
2026-06-19 14:30:22,550.0000,480.0000,525.0000,536.9900,23.4000
2026-06-19 15:00:25,550.0000,480.0000,525.0000,536.9900,23.4000
2026-06-19 15:30:26,550.0000,480.0000,525.0000,536.9900,23.4000
2026-06-19 16:00:26,550.0000,480.0000,525.0000,536.9900,23.4000
2026-06-19 16:30:24,550.0000,480.0000,525.0000,536.9900,23.4000
2026-06-19 17:00:23,550.0000,480.0000,525.0000,536.9900,23.4000
2026-06-19 17:30:24,550.0000,480.0000,525.0000,536.9900,23.4000
2026-06-19 18:00:21,550.0000,480.0000,525.0000,536.9900,23.4000
2026-06-19 18:30:23,550.0000,480.0000,525.0000,536.9900,23.4000
2026-06-19 19:00:25,550.0000,480.0000,525.0000,536.9900,23.4000
2026-06-19 19:30:22,550.0000,480.0000,525.0000,536.9900,23.4000
2026-06-19 20:00:25,550.0000,480.0000,525.0000,536.9900,23.4000
2026-06-22 07:01:30,550.0000,480.0000,525.0000,536.9900,23.4000
2026-06-22 11:12:25,550.0000,480.0000,525.0000,538.7200,23.4700
2026-06-22 13:00:11,550.0000,480.0000,525.0000,542.2800,23.6200
2026-06-22 13:30:23,550.0000,480.0000,525.0000,544.3300,23.7000
2026-06-22 14:00:22,550.0000,480.0000,525.0000,540.4400,29.6600
2026-06-22 14:30:19,550.0000,480.0000,525.0000,548.6200,30.3800
2026-06-22 15:00:19,550.0000,480.0000,525.0000,541.1100,30.3100
2026-06-22 15:30:23,550.0000,480.0000,525.0000,546.7700,30.2200
2026-06-22 16:00:23,550.0000,480.0000,525.0000,543.8800,29.7500
2026-06-22 16:30:25,550.0000,480.0000,525.0000,541.5000,30.1900
2026-06-22 17:00:32,550.0000,480.0000,525.0000,541.8300,30.3900
2026-06-22 17:30:32,550.0000,480.0000,525.0000,542.9100,30.1900
2026-06-22 18:00:29,550.0000,480.0000,525.0000,543.5800,30.2100
2026-06-22 18:30:28,550.0000,480.0000,525.0000,545.5000,30.0600
2026-06-22 19:00:28,550.0000,480.0000,525.0000,544.5300,30.1800
2026-06-22 19:30:31,550.0000,480.0000,525.0000,547.4700,30.6600
2026-06-23 10:50:00,550.0000,490.0000,515.0000,516.0000,28.7700
2026-06-23 13:00:12,550.0000,490.0000,515.0000,511.9300,28.7600
2026-06-23 13:30:24,550.0000,490.0000,515.0000,509.3700,28.7400
2026-06-23 14:00:24,550.0000,490.0000,515.0000,513.3100,30.4700
2026-06-23 14:30:22,550.0000,490.0000,527.5000,523.7100,30.0900
2026-06-23 14:52:55,550.0000,525.0000,527.5000,525.9400,30.2100
2026-06-23 15:00:27,550.0000,490.0000,527.5000,523.6100,30.2200
2026-06-23 15:30:25,550.0000,490.0000,515.0000,519.5700,30.2000
2026-06-23 16:00:26,550.0000,490.0000,515.0000,519.3200,29.6000
2026-06-23 16:18:25,550.0000,490.0000,527.5000,524.1600,29.3000
2026-06-23 16:25:47,550.0000,525.0000,527.5000,526.2800,29.4300
2026-06-23 16:30:32,550.0000,525.0000,527.5000,527.8700,29.4000
2026-06-23 17:00:25,550.0000,525.0000,527.5000,525.0300,28.6600
2026-06-23 17:30:25,550.0000,490.0000,527.5000,524.1400,28.4500
2026-06-23 18:00:31,550.0000,490.0000,527.5000,522.2700,28.7600
2026-06-23 18:12:14,550.0000,490.0000,515.0000,519.4700,28.9600
2026-06-23 18:30:31,550.0000,490.0000,515.0000,520.0100,28.9200
2026-06-23 19:00:27,550.0000,490.0000,515.0000,517.1300,28.9100
2026-06-23 19:16:27,550.0000,490.0000,515.0000,515.0100,29.0600
2026-06-23 19:30:27,550.0000,490.0000,515.0000,518.3700,29.3700
2026-06-23 20:00:30,550.0000,490.0000,515.0000,517.9300,29.4000
2026-06-24 08:13:35,550.0000,490.0000,527.5000,522.2500,29.4000
2026-06-24 13:00:10,550.0000,525.0000,527.5000,525.1900,29.5100
2026-06-24 13:30:25,550.0000,510.0000,515.0000,520.3000,29.3700
2026-06-24 14:00:23,535.0000,510.0000,515.0000,511.7500,29.7600
2026-06-24 14:30:18,550.0000,510.0000,515.0000,519.4600,30.0500
2026-06-24 14:34:55,550.0000,510.0000,515.0000,514.4800,29.6900
2026-06-24 15:00:25,550.0000,510.0000,527.5000,522.1300,29.3800
2026-06-24 15:30:22,550.0000,510.0000,515.0000,517.3100,28.8800
2026-06-24 16:00:23,550.0000,510.0000,515.0000,518.0400,28.7800
2026-06-24 16:30:22,550.0000,510.0000,515.0000,521.0800,28.7400
2026-06-24 17:00:26,550.0000,510.0000,515.0000,518.1500,29.0200
2026-06-24 17:30:24,535.0000,510.0000,515.0000,513.2500,29.0100
2026-06-24 18:00:20,535.0000,490.0000,515.0000,509.5200,28.7000
2026-06-24 18:30:23,535.0000,510.0000,515.0000,510.0400,28.8500
2026-06-24 19:00:29,535.0000,510.0000,515.0000,511.1900,28.5000
2026-06-24 19:30:32,535.0000,490.0000,515.0000,505.0800,29.4300
2026-06-24 20:00:28,535.0000,510.0000,515.0000,511.9000,28.7300
2026-06-25 06:51:47,550.0000,525.0000,537.5000,538.6000,30.5100
2026-06-25 08:30:43,550.0000,525.0000,537.5000,538.6000,30.5100
2026-06-25 12:55:50,550.0000,490.0000,535.0000,544.0000,30.8700
2026-06-25 13:00:22,550.0000,490.0000,535.0000,543.8800,30.8600
2026-06-25 13:30:21,550.0000,490.0000,535.0000,543.6500,30.7100
2026-06-25 14:00:22,550.0000,525.0000,535.0000,533.7600,33.7000
2026-06-25 14:30:23,550.0000,490.0000,520.0000,517.6300,32.1400
2026-06-25 15:00:22,550.0000,490.0000,515.0000,516.9800,30.9100
2026-06-25 15:30:21,550.0000,490.0000,515.0000,516.8600,29.6800
2026-06-25 16:00:23,550.0000,490.0000,520.0000,519.2500,27.7800
2026-06-25 16:30:26,550.0000,525.0000,527.5000,529.0000,28.1500
2026-06-25 17:00:25,550.0000,490.0000,520.0000,522.1000,28.0700
2026-06-25 17:30:24,550.0000,525.0000,527.5000,526.4000,27.1300
2026-06-25 18:00:26,550.0000,525.0000,527.5000,528.2700,27.3900
2026-06-25 18:30:25,550.0000,525.0000,527.5000,527.7300,27.3400
2026-06-25 19:00:28,550.0000,525.0000,527.5000,526.5100,26.8900
2026-06-25 19:30:31,550.0000,490.0000,520.0000,522.7400,27.1300
2026-06-25 20:00:27,550.0000,525.0000,527.5000,526.8000,26.9700
2026-06-26 07:27:45,550.0000,525.0000,527.5000,529.0500,28.2200
2026-06-26 07:47:30,550.0000,525.0000,527.5000,529.0500,28.2200
2026-06-26 13:00:12,550.0000,510.0000,515.0000,510.3500,27.6000
2026-06-26 13:30:23,550.0000,490.0000,515.0000,508.9900,27.8300
2026-06-26 14:00:20,520.0000,510.0000,515.0000,512.5000,38.4800
2026-06-26 14:17:38,535.0000,510.0000,520.0000,519.7800,36.2500
2026-06-26 14:30:31,535.0000,510.0000,520.0000,522.2300,35.5300
2026-06-26 15:00:27,520.0000,510.0000,520.0000,518.5200,31.1400
2026-06-26 15:30:25,520.0000,510.0000,515.0000,513.5600,28.3900
2026-06-26 16:00:23,527.5000,510.0000,520.0000,520.5000,31.3200
2026-06-26 16:30:21,520.0000,510.0000,515.0000,517.5000,29.1100
2026-06-26 17:00:27,535.0000,510.0000,520.0000,521.6000,34.7300
2026-06-26 17:30:28,527.5000,510.0000,520.0000,521.9200,33.1300
2026-06-26 18:00:25,527.5000,510.0000,520.0000,522.6400,32.7000
2026-06-26 18:30:24,520.0000,510.0000,520.0000,518.7100,28.7300
2026-06-26 19:00:23,520.0000,510.0000,520.0000,519.3200,36.4200
2026-06-26 19:30:21,527.5000,510.0000,520.0000,520.8300,41.3700
2026-06-26 20:00:25,527.5000,510.0000,520.0000,520.8600,50.9300
2026-06-29 08:54:07,550.0000,500.0000,517.5000,518.7000,23.7300
2026-06-29 09:08:58,550.0000,500.0000,540.0000,531.3000,23.8600
2026-06-29 09:12:06,550.0000,500.0000,540.0000,531.3000,23.8600
2026-06-29 12:14:50,550.0000,500.0000,515.0000,526.8200,23.6800
2026-06-29 13:00:11,550.0000,500.0000,515.0000,526.5000,23.6700
2026-06-29 13:30:21,550.0000,500.0000,515.0000,527.2600,23.7400
2026-06-29 14:00:18,550.0000,500.0000,540.0000,530.1100,29.0800
2026-06-29 14:30:22,522.5000,470.0000,515.0000,500.3100,28.7000
2026-06-29 15:00:24,522.5000,480.0000,515.0000,504.8300,27.1900
2026-06-29 15:06:15,522.5000,480.0000,515.0000,507.3900,27.3400
2026-06-29 15:34:01,550.0000,500.0000,515.0000,521.6900,27.6600
2026-06-29 16:04:04,550.0000,500.0000,515.0000,522.6500,27.3500
2026-06-29 16:30:28,550.0000,500.0000,515.0000,525.8500,27.1600
2026-06-29 17:00:28,550.0000,500.0000,540.0000,532.0900,27.3200
2026-06-29 17:30:32,550.0000,500.0000,540.0000,534.1700,27.4700
2026-06-29 17:51:03,550.0000,500.0000,540.0000,537.2400,27.6800
2026-06-29 18:00:27,550.0000,500.0000,540.0000,538.0700,27.6000
2026-06-29 18:30:32,550.0000,500.0000,540.0000,539.4300,27.5200
2026-06-29 19:00:30,550.0000,500.0000,540.0000,540.0400,27.4400
2026-06-29 19:30:23,550.0000,500.0000,540.0000,535.4800,27.3400
2026-06-29 20:00:26,550.0000,500.0000,540.0000,537.1000,27.2400
2026-06-30 08:29:30,550.0000,500.0000,540.0000,540.2600,27.7200
2026-06-30 13:00:13,550.0000,515.0000,517.5000,540.1100,27.7900
2026-06-30 13:30:30,550.0000,515.0000,517.5000,541.0000,27.8200
2026-06-30 13:47:07,570.0000,515.0000,517.5000,554.9000,31.2000
2026-06-30 14:01:11,560.0000,515.0000,517.5000,551.8600,30.5800
2026-06-30 14:30:25,570.0000,515.0000,517.5000,555.8800,30.4800
2026-06-30 14:35:49,600.0000,515.0000,517.5000,557.7500,31.0100
2026-06-30 14:38:58,600.0000,515.0000,517.5000,559.0100,30.7100
2026-06-30 15:00:24,570.0000,515.0000,517.5000,559.3600,30.0800
2026-06-30 15:30:24,600.0000,515.0000,517.5000,564.8700,30.1400
2026-06-30 16:00:25,600.0000,515.0000,517.5000,572.6100,30.3100
2026-06-30 16:30:25,600.0000,515.0000,517.5000,578.6000,31.1200
2026-06-30 17:00:21,600.0000,515.0000,517.5000,578.1100,30.5000
2026-06-30 17:30:20,600.0000,515.0000,517.5000,580.0000,30.1700
2026-06-30 18:00:25,600.0000,515.0000,517.5000,578.4100,30.0600
2026-06-30 18:30:26,600.0000,515.0000,517.5000,579.7500,30.1900
2026-06-30 19:00:26,600.0000,515.0000,517.5000,582.1300,30.6500
2026-06-30 19:30:30,600.0000,515.0000,517.5000,582.8300,30.7500
2026-06-30 20:00:27,600.0000,515.0000,517.5000,582.2500,30.8600
2026-06-30 20:23:15,600.0000,515.0000,517.5000,580.6000,30.3100
2026-07-01 05:02:04,600.0000,515.0000,517.5000,579.4800,30.2600
2026-07-01 11:36:41,600.0000,557.5000,580.0000,575.0000,30.6300
2026-07-01 12:34:52,600.0000,557.5000,580.0000,573.4300,30.6600
2026-07-01 13:00:27,600.0000,557.5000,562.5000,567.0000,30.7400
2026-07-01 13:10:11,600.0000,557.5000,562.5000,560.0000,30.8400
2026-07-01 13:30:24,600.0000,557.5000,562.5000,560.0000,30.8400
2026-07-01 13:51:27,600.0000,515.0000,550.0000,553.2900,33.0100
2026-07-01 13:59:42,600.0000,515.0000,550.0000,552.2100,32.5500
2026-07-01 14:01:27,600.0000,515.0000,550.0000,553.1400,32.3100
2026-07-01 14:30:29,600.0000,557.5000,562.5000,558.4000,29.4400
2026-07-01 15:00:26,600.0000,515.0000,550.0000,551.3000,29.7700
2026-07-01 15:30:24,600.0000,515.0000,550.0000,552.5000,29.2500
2026-07-01 16:00:23,600.0000,515.0000,550.0000,554.5200,28.4400
2026-07-01 16:30:20,600.0000,515.0000,550.0000,550.0300,27.9900
2026-07-01 16:59:27,600.0000,515.0000,550.0000,550.2600,27.2800
2026-07-01 17:00:41,600.0000,515.0000,550.0000,551.1900,27.2900
2026-07-01 17:30:32,600.0000,515.0000,550.0000,550.7100,27.4900
2026-07-01 17:35:07,600.0000,515.0000,550.0000,552.4500,27.4300
2026-07-01 18:00:33,600.0000,515.0000,550.0000,552.1500,26.9700
2026-07-01 18:50:49,550.0000,515.0000,550.0000,548.7300,27.0000
2026-07-01 19:00:29,550.0000,515.0000,545.0000,546.1500,26.9700
2026-07-01 19:30:23,600.0000,515.0000,550.0000,550.3600,27.4300
2026-07-01 20:00:21,550.0000,515.0000,545.0000,544.6300,26.9000
2026-07-02 04:03:26,550.0000,515.0000,545.0000,544.1000,28.1200
2026-07-02 08:55:22,550.0000,515.0000,545.0000,544.1000,28.1200
2026-07-02 08:56:55,550.0000,515.0000,545.0000,544.1000,28.1200
2026-07-02 12:15:14,550.0000,530.0000,540.0000,537.6800,27.6100
2026-07-02 12:26:56,550.0000,530.0000,545.0000,542.8600,28.0600
2026-07-02 13:00:12,575.0000,530.0000,555.0000,551.1300,28.7500
2026-07-02 13:30:23,550.0000,530.0000,545.0000,545.7900,28.1700
2026-07-02 14:00:24,537.5000,530.0000,532.5000,533.0300,37.9100
2026-07-02 14:07:42,550.0000,530.0000,540.0000,539.0000,37.8100
2026-07-02 14:11:24,550.0000,530.0000,540.0000,541.7700,34.0700
2026-07-02 14:30:32,550.0000,530.0000,540.0000,541.6300,30.6900
2026-07-02 15:00:29,522.5000,515.0000,517.5000,516.7900,36.7800
2026-07-02 15:30:27,522.5000,515.0000,517.5000,518.0100,32.8900
2026-07-02 16:00:29,522.5000,515.0000,517.5000,522.1800,29.4900
2026-07-02 16:30:32,522.5000,515.0000,517.5000,521.8600,29.3600
2026-07-02 17:00:34,522.5000,515.0000,517.5000,515.5800,30.7800
2026-07-02 17:30:32,522.5000,510.0000,517.5000,512.4600,32.4800
2026-07-02 18:00:27,522.5000,510.0000,517.5000,511.8500,26.7300
2026-07-02 18:30:25,522.5000,510.0000,517.5000,512.9800,28.3900
2026-07-02 19:00:24,522.5000,510.0000,517.5000,514.7900,37.2300
2026-07-02 19:30:28,517.5000,505.0000,517.5000,509.8700,41.7900
2026-07-02 20:00:29,517.5000,510.0000,517.5000,511.5700,44.6500
2026-07-03 13:00:10,600.0000,510.0000,520.0000,519.5000,23.8500
2026-07-03 13:30:19,600.0000,510.0000,520.0000,519.5000,23.8500
2026-07-03 14:00:18,600.0000,510.0000,520.0000,519.5000,23.8500
2026-07-03 14:30:19,600.0000,510.0000,520.0000,519.5000,23.8500
2026-07-03 15:00:20,600.0000,510.0000,520.0000,519.5000,23.8500
2026-07-03 15:30:22,600.0000,510.0000,520.0000,519.5000,23.8500
2026-07-03 16:00:21,600.0000,510.0000,520.0000,519.5000,23.8500
2026-07-03 16:30:17,600.0000,510.0000,520.0000,519.5000,23.8500
2026-07-03 17:00:17,600.0000,510.0000,520.0000,519.5000,23.8500
2026-07-03 17:30:21,600.0000,510.0000,520.0000,519.5000,23.8500
2026-07-03 18:00:23,600.0000,510.0000,520.0000,519.5000,23.8500
2026-07-03 18:30:21,600.0000,510.0000,520.0000,519.5000,23.8500
2026-07-03 19:00:20,600.0000,510.0000,520.0000,519.5000,23.8500
2026-07-03 19:30:18,600.0000,510.0000,520.0000,519.5000,23.8500
2026-07-03 20:00:18,600.0000,510.0000,520.0000,519.5000,23.8500
2026-07-06 04:00:11,600.0000,510.0000,520.0000,519.5000,23.8500
2026-07-06 10:47:18,600.0000,510.0000,525.0000,532.4900,24.3200
2026-07-06 12:39:30,600.0000,510.0000,525.0000,539.8600,24.5900
2026-07-06 12:43:18,600.0000,510.0000,525.0000,539.8600,24.5900
2026-07-06 12:50:13,600.0000,510.0000,525.0000,537.8800,24.5100
2026-07-06 12:57:56,600.0000,510.0000,525.0000,538.8000,24.5500
2026-07-06 13:00:22,600.0000,510.0000,525.0000,538.8000,24.5500
2026-07-06 13:30:18,600.0000,510.0000,525.0000,536.5000,24.5000
2026-07-06 13:49:32,600.0000,510.0000,525.0000,542.0000,27.5300
2026-07-06 13:53:15,600.0000,510.0000,525.0000,541.7300,27.2400
2026-07-06 14:00:19,600.0000,510.0000,525.0000,552.8800,27.8300
2026-07-06 14:30:18,600.0000,510.0000,525.0000,568.7100,29.2800
2026-07-06 14:55:43,600.0000,510.0000,525.0000,567.3200,28.8200
2026-07-06 15:00:21,600.0000,510.0000,525.0000,568.8500,29.0200
2026-07-06 16:00:09,600.0000,510.0000,525.0000,567.7600,29.1600
2026-07-06 16:30:23,600.0000,510.0000,525.0000,564.7500,28.9500
2026-07-06 17:00:28,600.0000,510.0000,525.0000,559.2100,28.4900
2026-07-06 17:30:26,600.0000,510.0000,525.0000,558.1900,28.4600
2026-07-06 17:45:01,600.0000,510.0000,525.0000,555.9100,28.3900
2026-07-06 18:00:19,600.0000,510.0000,525.0000,553.5100,28.0900
2026-07-06 18:30:21,600.0000,510.0000,525.0000,554.9600,28.0200
2026-07-06 19:00:23,600.0000,510.0000,525.0000,553.4500,27.8400
2026-07-06 19:30:28,600.0000,510.0000,525.0000,555.2900,27.9100
2026-07-06 20:00:29,600.0000,510.0000,525.0000,557.4400,28.0800
2026-07-07 12:08:18,600.0000,510.0000,525.0000,528.0000,26.6500
2026-07-07 13:00:09,600.0000,510.0000,525.0000,530.0000,26.7400
2026-07-07 13:30:18,600.0000,510.0000,525.0000,527.9400,26.7500
2026-07-07 13:53:22,600.0000,475.0000,517.5000,513.6600,26.4100
2026-07-07 14:00:18,600.0000,475.0000,517.5000,516.0600,26.1800
2026-07-07 14:30:18,600.0000,475.0000,517.5000,509.0900,25.6400
2026-07-07 15:00:24,600.0000,475.0000,500.0000,503.6400,25.6900
2026-07-07 15:30:28,600.0000,475.0000,517.5000,510.4600,25.7800
2026-07-07 16:00:22,600.0000,475.0000,517.5000,511.5100,25.7000
2026-07-07 16:30:23,600.0000,475.0000,520.0000,521.0500,26.1200
2026-07-07 17:00:25,600.0000,510.0000,520.0000,521.4200,26.2900
2026-07-07 17:30:23,600.0000,475.0000,520.0000,520.0400,26.0300
2026-07-07 17:56:01,600.0000,475.0000,520.0000,522.2600,26.4100
2026-07-07 18:00:28,600.0000,475.0000,520.0000,521.6100,26.3700
2026-07-07 18:17:06,600.0000,475.0000,520.0000,522.3300,26.4000
2026-07-07 18:30:30,600.0000,475.0000,525.0000,522.6900,26.3800
2026-07-07 19:00:22,600.0000,510.0000,517.5000,518.5100,26.2100
2026-07-07 19:30:25,600.0000,475.0000,517.5000,513.5000,26.3300
2026-07-07 20:00:30,600.0000,475.0000,517.5000,510.6200,26.1200
2026-07-08 13:00:10,600.0000,430.0000,517.5000,509.0000,25.7600
2026-07-08 13:30:27,600.0000,430.0000,517.5000,510.4600,25.8200
2026-07-08 13:49:16,600.0000,430.0000,517.5000,513.4500,26.6700
2026-07-08 14:00:25,600.0000,510.0000,517.5000,517.1400,25.8900
2026-07-08 14:30:27,600.0000,430.0000,517.5000,512.8400,25.4900
2026-07-08 15:00:23,600.0000,430.0000,517.5000,510.3200,25.6000
2026-07-08 15:30:21,600.0000,430.0000,517.5000,506.3600,25.6100
2026-07-08 16:00:19,600.0000,430.0000,517.5000,505.0000,25.8800
2026-07-08 16:30:22,600.0000,430.0000,517.5000,507.8700,25.5700
2026-07-08 17:00:26,600.0000,430.0000,517.5000,511.1600,25.3900
2026-07-08 17:30:23,600.0000,430.0000,517.5000,511.0400,25.1500
2026-07-08 18:00:25,600.0000,430.0000,517.5000,512.0100,25.3200
2026-07-08 18:01:19,600.0000,430.0000,517.5000,511.8000,25.3200
2026-07-08 18:30:26,600.0000,430.0000,517.5000,514.5000,25.2600
2026-07-08 19:00:30,600.0000,430.0000,517.5000,514.0900,25.3100
2026-07-08 19:05:45,600.0000,430.0000,517.5000,515.0000,25.4000
2026-07-08 19:30:29,600.0000,430.0000,517.5000,515.1900,25.2900
2026-07-08 20:00:27,600.0000,430.0000,517.5000,514.3000,25.5100
2026-07-09 08:43:51,600.0000,510.0000,517.5000,516.8000,25.5900
2026-07-09 08:58:13,600.0000,510.0000,517.5000,516.8000,25.5900
2026-07-09 13:00:10,600.0000,475.0000,545.0000,537.5200,26.4300
2026-07-09 13:30:25,600.0000,475.0000,545.0000,539.0000,26.3500
2026-07-09 14:00:24,600.0000,510.0000,550.0000,548.8600,27.2000
2026-07-09 14:30:19,600.0000,510.0000,550.0000,555.6600,27.3900
2026-07-09 15:00:22,600.0000,510.0000,550.0000,555.6200,27.8100
2026-07-09 15:30:26,600.0000,510.0000,550.0000,555.2500,27.6600
2026-07-09 16:00:25,600.0000,510.0000,550.0000,552.6500,27.3400
2026-07-09 16:30:22,600.0000,510.0000,550.0000,555.2600,27.4000
2026-07-09 17:00:19,600.0000,510.0000,550.0000,552.1400,26.9900
2026-07-09 17:30:21,600.0000,510.0000,550.0000,551.2900,26.6200
2026-07-09 17:32:20,600.0000,510.0000,550.0000,551.7800,26.5600
2026-07-09 18:00:21,600.0000,510.0000,550.0000,548.0100,26.7800
2026-07-09 18:30:25,600.0000,510.0000,545.0000,547.0000,26.7800
2026-07-09 19:00:26,600.0000,510.0000,545.0000,545.8000,26.6000
2026-07-09 19:30:20,600.0000,510.0000,545.0000,544.6300,26.6000
2026-07-09 20:00:23,600.0000,510.0000,545.0000,545.2500,25.8700
2026-07-10 11:05:42,560.0000,475.0000,547.5000,545.1100,26.1600
2026-07-10 11:37:06,560.0000,475.0000,547.5000,545.7000,26.1900
2026-07-10 11:45:59,560.0000,475.0000,542.5000,543.1500,26.0800
2026-07-10 13:00:12,560.0000,475.0000,542.5000,542.8000,26.1300
2026-07-10 13:30:23,560.0000,475.0000,542.5000,540.4400,26.0700
2026-07-10 14:00:21,560.0000,475.0000,547.5000,547.2700,26.5300
2026-07-10 14:30:20,560.0000,475.0000,550.0000,551.2300,26.2000
2026-07-10 15:00:21,560.0000,475.0000,550.0000,549.3000,26.0200
2026-07-10 15:30:20,560.0000,475.0000,547.5000,547.2300,25.6000
