time,open,high,low,close,volume
2026-03-26 16:59:53,215.0000,205.0000,207.5000,210.2200,4.8500
2026-03-26 17:00:21,215.0000,205.0000,207.5000,210.2200,4.8500
2026-03-26 17:00:21,215.0000,205.0000,207.5000,210.2200,4.8500
2026-03-27 08:42:44,210.0000,205.0000,207.5000,208.0400,4.9900
2026-03-27 09:05:28,210.0000,205.0000,207.5000,208.0400,4.9900
2026-03-27 09:20:15,210.0000,205.0000,207.5000,208.0400,4.9900
2026-03-27 09:31:43,210.0000,205.0000,207.5000,207.4200,5.1000
2026-03-27 09:36:48,210.0000,205.0000,207.5000,207.4200,5.1000
2026-03-27 09:44:03,210.0000,205.0000,207.5000,207.3600,5.1000
2026-03-27 09:46:42,210.0000,205.0000,207.5000,207.3600,5.1000
2026-03-27 09:48:50,210.0000,205.0000,207.5000,207.3600,5.1000
2026-03-27 11:45:00,210.0000,205.0000,207.5000,206.6000,5.3800
2026-03-27 13:00:13,210.0000,205.0000,207.5000,206.0400,5.3600
2026-03-27 13:30:26,210.0000,205.0000,207.5000,205.6500,5.3500
2026-03-27 13:39:41,210.0000,205.0000,207.5000,206.0000,5.3600
2026-03-27 13:57:44,207.5000,202.5000,207.5000,203.4800,8.1600
2026-03-27 14:00:29,207.5000,200.0000,207.5000,203.3700,8.3200
2026-03-27 14:30:29,207.5000,200.0000,207.5000,201.7100,8.6500
2026-03-27 15:00:28,207.5000,200.0000,207.5000,201.4100,8.5200
2026-03-27 15:30:29,207.5000,200.0000,207.5000,201.1000,7.8900
2026-03-27 16:00:30,207.5000,200.0000,207.5000,201.1100,7.9300
2026-03-27 16:30:29,210.0000,200.0000,207.5000,200.8500,7.0800
2026-03-27 17:00:27,210.0000,200.0000,207.5000,200.9000,6.2900
2026-03-27 20:04:07,210.0000,197.5000,207.5000,199.4300,12.5200
2026-03-30 07:04:42,215.0000,190.0000,205.0000,198.4200,4.8700
2026-03-30 07:52:45,215.0000,190.0000,205.0000,198.4200,4.8700
2026-03-30 09:20:57,215.0000,190.0000,205.0000,198.4200,4.8700
2026-03-30 09:25:34,215.0000,190.0000,205.0000,198.4200,4.8700
2026-03-30 09:26:52,215.0000,190.0000,205.0000,198.4200,4.8700
2026-03-30 13:00:14,205.0000,195.0000,205.0000,201.7500,4.7500
2026-03-30 13:30:29,205.0000,195.0000,205.0000,201.8000,4.7500
2026-03-30 14:00:24,205.0000,197.5000,205.0000,200.9300,5.2800
2026-03-30 14:03:54,205.0000,197.5000,205.0000,200.8100,5.2300
2026-03-30 14:30:30,205.0000,197.5000,205.0000,201.2800,5.2000
2026-03-30 14:40:44,205.0000,197.5000,205.0000,201.5500,5.2100
2026-03-30 14:48:55,205.0000,197.5000,205.0000,201.5300,5.1600
2026-03-30 15:00:30,205.0000,197.5000,205.0000,201.2500,5.2200
2026-03-30 15:30:30,205.0000,197.5000,205.0000,202.3700,5.2600
2026-03-30 16:00:30,205.0000,197.5000,205.0000,203.3000,5.1300
2026-03-30 16:30:31,205.0000,197.5000,205.0000,203.1200,5.1000
2026-03-30 17:00:32,205.0000,197.5000,205.0000,202.9000,5.1000
2026-03-30 17:30:32,205.0000,197.5000,205.0000,202.3400,5.2400
2026-03-30 18:00:30,205.0000,197.5000,205.0000,202.0300,5.2000
2026-03-30 18:30:30,205.0000,197.5000,205.0000,201.4700,5.1800
2026-03-30 19:00:28,205.0000,197.5000,205.0000,200.9400,5.1100
2026-03-30 19:30:28,205.0000,197.5000,205.0000,200.1200,5.2000
2026-03-30 20:00:30,205.0000,197.5000,205.0000,200.4700,5.1200
2026-03-31 08:14:00,205.0000,197.5000,205.0000,199.9800,5.3000
2026-03-31 13:15:51,205.0000,197.5000,202.5000,204.2900,4.2800
2026-03-31 13:30:25,205.0000,197.5000,202.5000,204.7500,4.2900
2026-03-31 13:58:40,210.0000,197.5000,202.5000,206.5600,5.2300
2026-03-31 14:00:27,210.0000,197.5000,202.5000,206.1000,5.2200
2026-03-31 14:30:28,210.0000,197.5000,202.5000,206.0300,5.1500
2026-03-31 14:57:46,210.0000,197.5000,202.5000,205.5900,5.0600
2026-03-31 15:00:28,210.0000,197.5000,202.5000,205.3000,5.1200
2026-03-31 15:30:28,210.0000,197.5000,202.5000,205.9400,4.9600
2026-03-31 15:34:15,210.0000,197.5000,202.5000,206.3300,4.9900
2026-03-31 16:00:28,210.0000,197.5000,202.5000,206.2500,5.0100
2026-03-31 16:30:26,210.0000,197.5000,202.5000,205.9700,4.9300
2026-03-31 17:00:27,212.5000,197.5000,202.5000,208.5600,5.2800
2026-03-31 17:30:27,212.5000,197.5000,202.5000,209.3000,5.3400
2026-03-31 18:00:26,212.5000,197.5000,202.5000,208.7800,5.3400
2026-03-31 18:30:27,212.5000,197.5000,202.5000,208.7600,5.1400
2026-03-31 19:00:29,212.5000,197.5000,202.5000,208.6900,5.0200
2026-03-31 19:30:25,212.5000,197.5000,202.5000,208.9400,5.0300
2026-04-01 07:23:20,212.5000,197.5000,202.5000,209.5000,4.9100
2026-04-01 13:00:14,212.5000,200.0000,202.5000,210.9100,4.6000
2026-04-01 13:30:27,212.5000,200.0000,202.5000,210.4700,4.6700
2026-04-01 14:00:22,212.5000,200.0000,202.5000,209.1300,5.5000
2026-04-01 14:30:20,212.5000,200.0000,202.5000,210.5900,4.9800
2026-04-01 15:00:22,212.5000,200.0000,202.5000,211.1600,5.0100
2026-04-01 17:05:21,215.0000,200.0000,202.5000,213.0200,5.3000
2026-04-01 17:30:29,212.5000,200.0000,202.5000,212.4600,4.9400
2026-04-01 18:00:31,212.5000,200.0000,202.5000,212.3900,4.6800
2026-04-01 18:30:30,212.5000,200.0000,202.5000,211.3800,4.8300
2026-04-01 19:00:31,212.5000,200.0000,202.5000,210.4000,5.2500
2026-04-01 19:30:27,212.5000,200.0000,202.5000,210.8800,5.5200
2026-04-01 20:00:27,212.5000,200.0000,202.5000,211.6200,5.0500
2026-04-02 08:10:49,212.5000,200.0000,202.5000,209.8600,5.3200
2026-04-02 13:00:14,212.5000,200.0000,205.0000,205.6200,5.3300
2026-04-02 13:30:27,212.5000,200.0000,205.0000,205.2500,5.5400
2026-04-02 14:00:26,207.5000,200.0000,205.0000,205.8100,8.0200
2026-04-02 14:30:29,210.0000,200.0000,205.0000,208.6600,8.0900
2026-04-02 15:00:31,212.5000,197.5000,205.0000,211.0000,7.0200
2026-04-02 15:30:29,212.5000,200.0000,205.0000,210.4600,7.1000
2026-04-02 16:00:28,212.5000,200.0000,205.0000,210.5300,7.8500
2026-04-02 16:30:29,210.0000,200.0000,205.0000,209.4300,7.5000
2026-04-02 17:00:27,210.0000,200.0000,205.0000,209.8000,7.4200
2026-04-02 17:30:26,210.0000,200.0000,205.0000,209.7700,8.4900
2026-04-02 18:00:27,210.0000,200.0000,205.0000,209.3300,6.2300
2026-04-02 18:30:27,210.0000,200.0000,205.0000,209.1600,6.2900
2026-04-02 19:00:28,210.0000,200.0000,205.0000,209.1800,8.8000
2026-04-02 19:30:29,210.0000,200.0000,205.0000,209.2100,6.4700
2026-04-03 12:52:23,215.0000,195.0000,210.0000,209.7800,4.1400
2026-04-03 13:00:23,215.0000,195.0000,210.0000,209.7800,4.1400
2026-04-03 13:30:27,215.0000,195.0000,210.0000,209.7800,4.1400
2026-04-03 14:00:26,215.0000,195.0000,210.0000,209.7800,4.1400
2026-04-03 14:30:23,215.0000,195.0000,210.0000,209.7800,4.1400
2026-04-03 15:00:25,215.0000,195.0000,210.0000,209.7800,4.1400
2026-04-03 15:01:47,215.0000,195.0000,210.0000,209.7800,4.1400
2026-04-03 15:30:25,215.0000,195.0000,210.0000,209.7800,4.1400
2026-04-03 16:00:24,215.0000,195.0000,210.0000,209.7800,4.1400
2026-04-03 16:30:21,215.0000,195.0000,210.0000,209.7800,4.1400
2026-04-03 17:00:24,215.0000,195.0000,210.0000,209.7800,4.1400
2026-04-03 17:30:24,215.0000,195.0000,210.0000,209.7800,4.1400
2026-04-03 18:00:21,215.0000,195.0000,210.0000,209.7800,4.1400
2026-04-03 19:02:12,215.0000,195.0000,210.0000,209.7800,4.1400
2026-04-03 19:30:27,215.0000,195.0000,210.0000,209.7800,4.1400
2026-04-03 20:00:22,215.0000,195.0000,210.0000,209.7800,4.1400
2026-04-06 10:12:24,215.0000,195.0000,210.0000,210.9000,4.0700
2026-04-06 13:00:14,215.0000,195.0000,210.0000,210.1900,4.1500
2026-04-06 13:30:27,215.0000,195.0000,210.0000,210.1200,4.1500
2026-04-06 14:00:26,215.0000,195.0000,210.0000,211.6200,4.3600
2026-04-06 14:30:26,215.0000,200.0000,210.0000,212.3000,4.3300
2026-04-06 15:00:28,215.0000,200.0000,210.0000,211.9000,4.2900
2026-04-06 16:00:57,215.0000,200.0000,210.0000,212.4000,4.2800
2026-04-06 16:30:31,215.0000,200.0000,210.0000,212.4300,4.2500
2026-04-06 17:00:30,215.0000,200.0000,210.0000,212.6100,4.2600
2026-04-06 17:30:33,215.0000,195.0000,210.0000,211.4800,4.3000
2026-04-06 18:00:34,215.0000,200.0000,210.0000,211.8800,4.2700
2026-04-06 18:24:41,215.0000,200.0000,210.0000,211.3100,4.2700
2026-04-06 18:30:31,215.0000,200.0000,210.0000,211.5700,4.2600
2026-04-06 19:00:30,215.0000,200.0000,210.0000,212.2100,4.2900
2026-04-06 19:30:33,215.0000,200.0000,210.0000,212.3100,4.2900
2026-04-06 20:00:34,215.0000,200.0000,210.0000,212.3500,4.3100
2026-04-07 08:13:08,215.0000,200.0000,210.0000,212.4300,4.3000
2026-04-07 13:00:12,215.0000,200.0000,210.0000,211.3000,4.2900
2026-04-07 13:30:26,215.0000,200.0000,210.0000,211.7000,4.3000
2026-04-07 14:00:28,215.0000,200.0000,210.0000,211.9900,4.5700
2026-04-07 14:30:30,215.0000,200.0000,210.0000,210.0300,4.7000
2026-04-07 15:00:29,215.0000,200.0000,210.0000,210.1000,4.6700
2026-04-07 15:30:30,215.0000,200.0000,210.0000,209.5500,4.6700
2026-04-07 16:00:33,215.0000,200.0000,210.0000,210.5100,4.6900
2026-04-07 16:30:31,215.0000,200.0000,210.0000,211.6200,4.6000
2026-04-07 17:00:33,215.0000,200.0000,210.0000,211.6400,4.6200
2026-04-07 17:30:34,215.0000,200.0000,210.0000,211.9700,4.6000
2026-04-07 18:00:31,215.0000,200.0000,210.0000,212.6600,4.6700
2026-04-07 18:30:30,215.0000,200.0000,210.0000,212.8500,4.7000
2026-04-07 19:00:31,215.0000,200.0000,210.0000,212.2300,4.7700
2026-04-07 19:30:28,215.0000,200.0000,210.0000,211.9700,4.7700
2026-04-08 13:00:14,225.0000,200.0000,210.0000,222.7100,4.6600
2026-04-08 13:30:30,225.0000,200.0000,210.0000,223.1000,4.6500
2026-04-08 14:00:33,225.0000,205.0000,210.0000,221.1400,3.9300
2026-04-08 14:30:33,225.0000,205.0000,210.0000,221.0200,4.2200
2026-04-08 14:40:50,225.0000,205.0000,210.0000,221.3100,4.1300
2026-04-08 15:00:32,225.0000,205.0000,210.0000,221.0200,4.2800
2026-04-08 15:30:33,225.0000,205.0000,210.0000,220.5300,4.3500
2026-04-08 16:00:32,225.0000,205.0000,210.0000,221.2000,4.2500
2026-04-08 16:30:30,225.0000,205.0000,210.0000,221.8100,4.1500
2026-04-08 17:00:26,225.0000,205.0000,210.0000,222.5600,4.2000
2026-04-08 17:30:27,225.0000,205.0000,210.0000,221.9800,4.1400
2026-04-08 18:00:31,225.0000,205.0000,210.0000,222.0000,4.1600
2026-04-08 18:30:29,225.0000,205.0000,210.0000,222.5500,4.1800
2026-04-08 19:00:30,225.0000,205.0000,210.0000,221.1700,4.2300
2026-04-08 19:30:28,225.0000,205.0000,210.0000,220.7700,4.3300
2026-04-08 20:00:24,225.0000,205.0000,210.0000,221.2000,4.2600
2026-04-09 10:21:51,225.0000,205.0000,215.0000,219.8900,4.2800
2026-04-09 13:00:08,230.0000,205.0000,215.0000,225.0900,4.2600
2026-04-09 13:30:20,225.0000,205.0000,215.0000,224.5500,4.2500
2026-04-09 14:00:23,230.0000,205.0000,215.0000,224.7700,4.4100
2026-04-09 14:30:23,230.0000,205.0000,215.0000,224.7600,4.3600
2026-04-09 15:00:27,230.0000,205.0000,215.0000,225.8600,4.5200
2026-04-09 15:30:27,235.0000,205.0000,215.0000,229.1800,4.5800
2026-04-09 16:00:20,235.0000,205.0000,215.0000,231.5400,4.8500
2026-04-09 16:30:24,235.0000,205.0000,215.0000,232.5300,4.8800
2026-04-09 17:00:29,235.0000,205.0000,215.0000,230.8200,4.8100
2026-04-09 17:30:28,235.0000,205.0000,215.0000,231.2600,4.8800
2026-04-09 18:00:31,235.0000,205.0000,215.0000,231.3900,4.8500
2026-04-09 18:30:28,235.0000,205.0000,215.0000,231.6200,4.8500
2026-04-09 19:00:27,235.0000,205.0000,215.0000,231.0400,4.9300
2026-04-09 19:30:25,235.0000,205.0000,215.0000,232.4100,4.9100
2026-04-09 20:00:25,235.0000,205.0000,215.0000,232.9800,5.0300
2026-04-10 11:07:05,235.0000,205.0000,215.0000,233.6000,4.9000
2026-04-10 13:00:15,235.0000,205.0000,215.0000,234.1900,4.9100
2026-04-10 13:30:30,235.0000,205.0000,215.0000,234.3400,4.8900
2026-04-10 14:00:31,240.0000,205.0000,215.0000,238.1400,5.1300
2026-04-10 14:30:29,240.0000,205.0000,215.0000,238.6100,5.0900
2026-04-10 15:00:23,240.0000,205.0000,215.0000,238.9900,5.0000
2026-04-10 15:30:22,240.0000,205.0000,215.0000,239.7900,5.0000
2026-04-10 16:00:25,240.0000,205.0000,215.0000,238.4600,4.9400
2026-04-10 16:30:26,240.0000,205.0000,215.0000,238.1600,4.8600
2026-04-10 17:00:23,240.0000,205.0000,215.0000,237.3300,4.8900
2026-04-10 17:30:26,240.0000,205.0000,215.0000,238.5700,4.8600
2026-04-10 18:00:30,240.0000,205.0000,215.0000,237.8400,4.9500
2026-04-10 18:30:29,240.0000,205.0000,215.0000,238.3200,4.8800
2026-04-10 19:00:30,240.0000,205.0000,215.0000,237.6600,4.8700
2026-04-10 19:30:25,240.0000,205.0000,215.0000,238.3200,4.7600
2026-04-10 20:00:25,240.0000,205.0000,215.0000,238.3900,4.7300
2026-04-13 12:08:01,240.0000,205.0000,215.0000,235.5100,4.7300
2026-04-13 13:00:16,240.0000,205.0000,215.0000,236.9700,4.6600
2026-04-13 13:30:29,240.0000,205.0000,215.0000,237.8800,4.6700
2026-04-13 13:59:27,240.0000,205.0000,215.0000,236.6000,5.5900
2026-04-13 14:01:54,240.0000,205.0000,215.0000,236.1200,5.4600
2026-04-13 14:30:25,240.0000,205.0000,215.0000,236.3700,5.2900
2026-04-13 15:00:26,240.0000,205.0000,215.0000,236.5000,5.1900
2026-04-13 15:30:28,240.0000,205.0000,215.0000,237.5500,5.2100
2026-04-13 16:00:27,240.0000,205.0000,215.0000,238.6200,5.4600
2026-04-13 16:30:31,240.0000,205.0000,215.0000,237.5900,5.2800
2026-04-13 17:00:29,240.0000,205.0000,215.0000,238.3700,5.3500
2026-04-13 17:30:25,240.0000,205.0000,215.0000,238.2100,5.3000
2026-04-13 18:00:26,240.0000,205.0000,215.0000,238.6600,5.3400
2026-04-13 18:30:28,240.0000,205.0000,215.0000,238.9000,5.2400
2026-04-13 19:00:26,240.0000,205.0000,215.0000,238.7000,5.2000
2026-04-14 13:00:13,245.0000,205.0000,215.0000,242.8200,5.2300
2026-04-14 13:30:28,245.0000,205.0000,215.0000,243.0800,5.3500
2026-04-14 14:00:30,250.0000,205.0000,215.0000,246.1600,5.7100
2026-04-14 14:30:27,250.0000,205.0000,215.0000,245.3300,5.4000
2026-04-14 15:00:28,250.0000,205.0000,215.0000,246.8900,5.6100
2026-04-14 15:30:32,250.0000,205.0000,215.0000,246.8800,5.6100
2026-04-14 16:00:32,250.0000,205.0000,215.0000,247.9800,5.4800
2026-04-14 18:06:15,255.0000,205.0000,215.0000,252.0400,6.0500
2026-04-14 18:30:30,255.0000,205.0000,215.0000,250.9600,6.0000
2026-04-14 19:00:28,250.0000,205.0000,215.0000,248.8600,5.7100
2026-04-14 19:30:28,250.0000,205.0000,215.0000,248.4100,5.7500
2026-04-14 20:00:30,250.0000,205.0000,215.0000,249.1000,5.7500
2026-04-15 06:05:04,250.0000,205.0000,215.0000,249.2500,5.5900
2026-04-15 10:47:36,250.0000,205.0000,235.0000,248.2000,5.5900
2026-04-15 10:53:48,250.0000,205.0000,235.0000,247.8000,5.5800
2026-04-15 10:57:45,250.0000,205.0000,235.0000,247.8000,5.5800
2026-04-15 13:00:13,250.0000,205.0000,235.0000,249.5000,5.6200
2026-04-15 13:30:27,250.0000,205.0000,235.0000,249.2600,5.6100
2026-04-15 14:00:28,250.0000,205.0000,235.0000,247.5400,5.6500
2026-04-15 14:30:29,250.0000,205.0000,235.0000,247.9600,4.8900
2026-04-15 15:00:25,250.0000,205.0000,235.0000,247.6900,5.6400
2026-04-15 15:30:24,250.0000,205.0000,235.0000,247.3900,5.5100
2026-04-15 16:00:25,250.0000,205.0000,235.0000,247.9500,5.8200
2026-04-15 16:30:25,250.0000,205.0000,235.0000,248.3400,5.8900
2026-04-15 17:00:28,250.0000,205.0000,235.0000,248.1800,5.6100
2026-04-15 17:30:27,250.0000,205.0000,235.0000,248.0300,5.6600
2026-04-15 18:00:24,250.0000,205.0000,235.0000,248.5900,5.6500
2026-04-15 18:30:26,250.0000,205.0000,235.0000,248.8400,5.7100
2026-04-15 19:00:31,250.0000,205.0000,235.0000,248.6300,5.5600
2026-04-15 19:30:29,250.0000,205.0000,235.0000,248.5000,5.1500
2026-04-15 20:00:29,250.0000,205.0000,235.0000,248.6600,5.8600
2026-04-16 11:00:09,250.0000,232.5000,235.0000,248.1200,5.0300
2026-04-16 13:00:11,250.0000,232.5000,235.0000,248.0800,5.0300
2026-04-16 13:30:21,250.0000,232.5000,235.0000,248.0400,5.0400
2026-04-16 14:00:20,250.0000,232.5000,235.0000,246.4500,5.9400
2026-04-16 14:30:22,250.0000,232.5000,235.0000,245.5600,6.1300
2026-04-16 15:00:26,250.0000,232.5000,235.0000,245.9000,5.4300
2026-04-16 15:30:26,250.0000,232.5000,235.0000,247.0600,5.2700
2026-04-16 16:00:21,250.0000,232.5000,235.0000,247.9100,5.6400
2026-04-16 16:30:22,250.0000,232.5000,235.0000,248.8000,6.1500
2026-04-16 17:00:24,250.0000,232.5000,235.0000,248.4300,5.7000
2026-04-16 17:30:26,250.0000,232.5000,235.0000,248.5900,5.6100
2026-04-16 18:00:28,250.0000,232.5000,235.0000,249.6200,5.2400
2026-04-16 18:30:27,250.0000,232.5000,235.0000,248.9700,4.7800
2026-04-16 19:00:28,250.0000,232.5000,235.0000,249.2700,5.6200
2026-04-16 19:30:28,250.0000,232.5000,235.0000,248.3100,4.6500
2026-04-16 20:00:25,250.0000,232.5000,235.0000,249.0600,4.7300
2026-04-17 08:51:46,250.0000,232.5000,235.0000,249.7100,4.9200
2026-04-17 09:12:09,252.5000,242.5000,245.0000,250.0600,5.0500
2026-04-17 09:17:16,252.5000,242.5000,245.0000,250.0600,5.0500
2026-04-17 09:21:30,252.5000,242.5000,245.0000,250.0600,5.0500
2026-04-17 10:49:09,252.5000,242.5000,245.0000,250.5000,5.0600
2026-04-17 10:50:25,252.5000,242.5000,245.0000,250.5000,5.0600
2026-04-17 12:58:47,252.5000,242.5000,245.0000,251.2800,5.0800
2026-04-17 13:00:08,252.5000,242.5000,245.0000,251.2800,5.0800
2026-04-17 13:00:23,252.5000,242.5000,245.0000,251.2800,5.0800
2026-04-17 13:01:48,252.5000,242.5000,245.0000,251.1600,5.0600
2026-04-17 13:05:01,252.5000,242.5000,245.0000,251.7600,5.0800
2026-04-17 13:30:25,255.0000,242.5000,245.0000,254.2600,5.6100
2026-04-17 13:48:30,252.5000,242.5000,245.0000,252.2700,9.3300
2026-04-17 13:55:46,255.0000,242.5000,245.0000,253.8700,8.2000
2026-04-17 13:57:41,255.0000,242.5000,245.0000,253.8700,7.4000
2026-04-17 14:00:06,255.0000,242.5000,245.0000,253.9000,6.7900
2026-04-17 14:00:28,255.0000,242.5000,245.0000,253.9000,6.7900
2026-04-17 14:01:17,255.0000,242.5000,245.0000,253.9400,7.2400
2026-04-17 14:03:56,255.0000,242.5000,245.0000,253.3100,7.6200
2026-04-17 14:04:36,255.0000,242.5000,245.0000,253.6400,7.2100
2026-04-17 14:07:55,255.0000,242.5000,245.0000,253.6200,9.0400
2026-04-17 14:15:01,255.0000,242.5000,245.0000,253.8100,8.6400
2026-04-17 14:16:00,255.0000,242.5000,245.0000,254.0200,7.2200
2026-04-17 14:19:55,255.0000,242.5000,245.0000,254.1200,8.3500
2026-04-17 14:22:53,255.0000,242.5000,245.0000,253.9400,6.9600
2026-04-17 14:24:36,255.0000,242.5000,245.0000,253.8300,7.2700
2026-04-17 14:30:24,255.0000,242.5000,245.0000,254.3200,7.9200
2026-04-17 14:30:25,255.0000,242.5000,245.0000,254.3200,7.9200
2026-04-17 14:33:32,255.0000,242.5000,245.0000,254.6500,6.7400
2026-04-17 14:34:03,255.0000,242.5000,245.0000,254.4100,6.6400
2026-04-17 14:38:09,255.0000,242.5000,245.0000,254.3700,7.7100
2026-04-17 14:48:46,260.0000,242.5000,245.0000,255.0400,7.8700
2026-04-17 14:50:49,260.0000,242.5000,245.0000,255.1400,9.1600
2026-04-17 14:59:04,260.0000,242.5000,245.0000,255.3500,7.9000
2026-04-17 15:00:26,260.0000,242.5000,245.0000,255.4700,6.1300
2026-04-17 15:00:28,260.0000,242.5000,245.0000,255.4700,6.1300
2026-04-17 15:05:40,260.0000,242.5000,245.0000,255.2200,9.0000
2026-04-17 15:06:02,260.0000,242.5000,245.0000,255.2200,9.0000
2026-04-17 15:08:12,260.0000,242.5000,245.0000,255.2200,6.4300
2026-04-17 15:12:30,255.0000,242.5000,245.0000,254.6600,8.0800
2026-04-17 15:12:56,255.0000,242.5000,245.0000,254.9000,7.5700
2026-04-17 15:16:08,255.0000,242.5000,245.0000,254.4900,8.8200
2026-04-17 15:17:33,255.0000,242.5000,245.0000,254.3800,7.5600
2026-04-17 15:19:22,255.0000,242.5000,245.0000,254.5500,7.9800
2026-04-17 15:24:51,255.0000,242.5000,245.0000,254.3100,7.6900
2026-04-17 15:30:31,255.0000,242.5000,245.0000,254.3300,5.9100
2026-04-17 15:30:32,255.0000,242.5000,245.0000,254.3300,5.9100
2026-04-17 15:31:42,255.0000,242.5000,245.0000,254.3100,7.1200
2026-04-17 15:32:18,255.0000,242.5000,245.0000,254.3100,7.1200
2026-04-17 15:33:59,255.0000,242.5000,245.0000,254.2000,8.3700
2026-04-17 15:45:14,255.0000,242.5000,245.0000,254.0800,6.4200
2026-04-17 15:46:52,255.0000,242.5000,245.0000,254.2000,7.0600
2026-04-17 15:51:09,255.0000,242.5000,245.0000,254.2900,7.2400
2026-04-17 15:51:53,255.0000,242.5000,245.0000,254.3600,7.0000
2026-04-17 15:55:17,255.0000,242.5000,245.0000,253.9700,8.4400
2026-04-17 15:58:27,255.0000,242.5000,245.0000,253.8400,7.8700
2026-04-17 15:59:59,255.0000,242.5000,245.0000,253.7600,7.3000
2026-04-17 16:00:25,255.0000,242.5000,245.0000,253.7600,7.3000
2026-04-17 16:01:11,255.0000,242.5000,245.0000,253.7800,6.9600
2026-04-17 16:25:04,255.0000,242.5000,245.0000,253.9100,8.9200
2026-04-17 16:30:26,255.0000,242.5000,245.0000,253.8900,7.2600
2026-04-17 16:30:28,255.0000,242.5000,245.0000,253.8900,7.2600
2026-04-17 16:42:18,255.0000,242.5000,245.0000,253.4300,8.1500
2026-04-17 16:45:35,255.0000,242.5000,245.0000,253.2400,8.3600
2026-04-17 16:46:25,255.0000,242.5000,245.0000,253.1600,8.3900
2026-04-17 16:49:10,255.0000,242.5000,245.0000,253.5000,7.5400
2026-04-17 16:56:33,255.0000,242.5000,245.0000,253.6800,8.5500
2026-04-17 17:00:32,255.0000,242.5000,245.0000,253.6000,7.3100
2026-04-17 17:00:32,255.0000,242.5000,245.0000,253.6000,7.3100
2026-04-17 17:05:03,255.0000,242.5000,245.0000,253.6000,6.7000
2026-04-17 17:15:47,255.0000,242.5000,245.0000,254.0300,6.8000
2026-04-17 17:30:29,255.0000,242.5000,245.0000,253.8100,6.9500
2026-04-17 18:00:30,255.0000,242.5000,245.0000,253.7500,10.6000
2026-04-17 18:30:31,252.5000,242.5000,245.0000,252.4700,11.0400
2026-04-17 19:00:30,252.5000,242.5000,245.0000,251.7600,10.2900
2026-04-17 19:30:27,252.5000,242.5000,245.0000,250.7000,8.6800
2026-04-17 20:00:26,252.5000,242.5000,245.0000,251.0500,14.7400
2026-04-20 08:40:05,260.0000,242.5000,250.0000,250.7400,4.5800
2026-04-20 13:10:26,260.0000,242.5000,250.0000,249.0000,4.5500
2026-04-20 13:27:40,260.0000,242.5000,250.0000,249.3200,4.5600
2026-04-20 13:30:29,260.0000,242.5000,250.0000,249.5000,4.5600
2026-04-20 13:52:05,260.0000,242.5000,250.0000,249.3000,5.5300
2026-04-20 14:00:29,260.0000,242.5000,245.0000,247.0400,5.4100
2026-04-20 14:27:21,260.0000,242.5000,250.0000,247.5700,5.3200
2026-04-20 14:30:24,260.0000,242.5000,250.0000,247.8800,5.5100
2026-04-20 14:44:36,260.0000,242.5000,245.0000,247.2800,5.3800
2026-04-20 15:00:26,260.0000,242.5000,245.0000,246.7000,5.3100
2026-04-20 15:30:23,260.0000,242.5000,245.0000,245.8300,5.4300
2026-04-20 16:00:27,260.0000,242.5000,245.0000,246.3900,5.3800
2026-04-20 16:30:25,260.0000,242.5000,245.0000,246.9100,5.3000
2026-04-20 17:00:17,260.0000,242.5000,245.0000,247.1000,5.2700
2026-04-20 17:30:24,260.0000,242.5000,245.0000,247.4400,5.2000
2026-04-20 18:00:31,260.0000,242.5000,245.0000,247.3700,5.2900
2026-04-20 18:30:27,260.0000,242.5000,250.0000,247.8500,5.2900
2026-04-20 18:33:12,260.0000,242.5000,250.0000,247.9900,5.3000
2026-04-20 19:00:24,260.0000,242.5000,250.0000,248.1800,5.3100
2026-04-20 19:30:24,260.0000,242.5000,250.0000,248.1900,5.2300
2026-04-20 20:00:31,260.0000,242.5000,250.0000,248.3700,5.2500
2026-04-21 08:12:55,260.0000,242.5000,250.0000,254.3000,5.5200
2026-04-21 08:44:11,260.0000,242.5000,250.0000,254.3000,5.5200
2026-04-21 11:31:23,260.0000,242.5000,250.0000,255.0800,5.5400
2026-04-21 13:00:14,260.0000,242.5000,250.0000,254.1300,5.5200
2026-04-21 13:30:29,260.0000,242.5000,250.0000,254.4600,5.5300
2026-04-21 14:00:30,260.0000,242.5000,250.0000,252.4900,6.0100
2026-04-21 14:30:29,260.0000,242.5000,250.0000,252.7300,5.8400
2026-04-21 15:00:27,260.0000,242.5000,250.0000,252.7200,5.6900
2026-04-21 15:18:32,260.0000,242.5000,250.0000,251.3200,5.8600
2026-04-21 15:30:29,260.0000,242.5000,250.0000,252.5000,5.9500
2026-04-21 16:00:27,260.0000,242.5000,250.0000,252.2400,5.9200
2026-04-21 16:30:25,260.0000,242.5000,250.0000,252.9000,5.8900
2026-04-21 17:00:28,260.0000,242.5000,250.0000,251.8800,6.0800
2026-04-21 17:30:32,260.0000,242.5000,250.0000,251.2600,6.0600
2026-04-21 18:00:33,260.0000,242.5000,250.0000,252.6400,5.7900
2026-04-21 18:30:30,260.0000,242.5000,250.0000,251.8800,5.8200
2026-04-21 19:00:31,260.0000,242.5000,250.0000,250.7400,5.6100
2026-04-21 19:30:33,260.0000,242.5000,250.0000,251.6600,5.9900
2026-04-21 20:00:31,260.0000,242.5000,250.0000,249.2500,5.9700
2026-04-22 07:44:12,260.0000,242.5000,250.0000,251.7000,5.9400
2026-04-22 13:00:13,260.0000,242.5000,250.0000,252.7800,5.9300
2026-04-22 13:30:38,260.0000,242.5000,250.0000,252.3300,5.9800
2026-04-22 14:00:37,260.0000,242.5000,250.0000,251.1700,5.4200
2026-04-22 14:30:28,260.0000,242.5000,250.0000,253.3300,5.5800
2026-04-22 15:35:50,260.0000,242.5000,250.0000,253.1800,5.0200
2026-04-22 16:00:27,260.0000,242.5000,250.0000,252.2300,4.6400
2026-04-22 16:30:23,260.0000,242.5000,250.0000,252.6700,5.1900
2026-04-22 17:00:26,260.0000,242.5000,250.0000,252.7800,5.0500
2026-04-22 17:30:30,260.0000,242.5000,250.0000,253.5800,5.1600
2026-04-22 18:00:27,260.0000,242.5000,250.0000,253.4100,4.9300
2026-04-22 18:30:27,260.0000,242.5000,250.0000,254.4900,5.2100
2026-04-22 19:00:30,260.0000,242.5000,250.0000,254.5400,5.3100
2026-04-22 19:30:30,260.0000,242.5000,250.0000,254.4000,5.3100
2026-04-22 20:00:30,260.0000,242.5000,250.0000,255.1200,5.3900
2026-04-23 08:21:36,260.0000,242.5000,250.0000,254.7000,5.4600
2026-04-23 09:24:16,260.0000,242.5000,250.0000,254.7000,5.4600
2026-04-23 13:00:15,260.0000,245.0000,250.0000,255.9000,5.3700
2026-04-23 13:30:28,260.0000,245.0000,250.0000,255.4200,5.3100
2026-04-23 13:42:29,257.5000,120.0000,nan,255.0500,nan
2026-04-23 14:00:29,260.0000,245.0000,250.0000,255.4200,5.8300
2026-04-23 14:30:30,260.0000,245.0000,250.0000,254.6000,5.7400
2026-04-23 15:00:28,260.0000,245.0000,250.0000,256.5000,5.2800
2026-04-23 15:30:28,260.0000,245.0000,250.0000,258.6000,5.5200
2026-04-23 16:00:30,260.0000,245.0000,250.0000,257.9700,5.4400
2026-04-23 16:30:29,260.0000,245.0000,250.0000,256.6800,5.5900
2026-04-23 17:00:28,260.0000,245.0000,250.0000,257.0000,5.6900
2026-04-23 17:30:26,260.0000,245.0000,250.0000,255.8700,5.7400
2026-04-23 18:00:27,260.0000,245.0000,250.0000,253.5200,6.1100
2026-04-23 18:30:29,260.0000,245.0000,250.0000,255.2200,5.1100
2026-04-23 19:00:27,260.0000,245.0000,250.0000,255.3500,5.5100
2026-04-23 19:30:27,260.0000,245.0000,250.0000,255.4100,5.2200
2026-04-23 20:00:28,260.0000,245.0000,250.0000,255.5100,5.6000
2026-04-24 06:59:03,260.0000,245.0000,250.0000,255.2900,5.1500
2026-04-24 12:01:03,260.0000,247.5000,252.5000,256.8800,5.1600
2026-04-24 12:21:17,260.0000,247.5000,252.5000,258.8000,5.5500
2026-04-24 13:00:15,260.0000,247.5000,252.5000,259.4600,5.5600
2026-04-24 13:28:50,262.5000,247.5000,252.5000,260.2000,5.4100
2026-04-24 13:30:30,260.0000,247.5000,252.5000,260.0000,5.4000
2026-04-24 14:10:19,260.0000,247.5000,252.5000,258.5200,8.3000
2026-04-24 14:30:29,262.5000,247.5000,252.5000,260.0600,7.9100
2026-04-24 15:00:28,260.0000,247.5000,252.5000,259.9900,8.1200
2026-04-24 15:30:26,262.5000,247.5000,252.5000,260.4800,7.4200
2026-04-24 16:00:27,262.5000,242.5000,252.5000,261.7000,8.2600
2026-04-24 16:30:32,265.0000,247.5000,252.5000,262.5500,7.5100
2026-04-24 17:00:32,262.5000,247.5000,252.5000,261.7900,8.2800
2026-04-24 17:32:00,265.0000,242.5000,252.5000,262.6300,7.4100
2026-04-24 18:02:01,265.0000,242.5000,252.5000,263.2500,7.9600
2026-04-24 18:30:29,265.0000,250.0000,252.5000,263.5400,8.8000
2026-04-24 19:00:30,265.0000,120.0000,nan,263.3800,8.2600
2026-04-24 19:30:32,265.0000,120.0000,nan,264.2200,14.0000
2026-04-24 20:00:30,265.0000,120.0000,nan,263.9700,16.9600
2026-04-27 06:57:45,270.0000,237.5000,255.0000,264.2200,10.9900
2026-04-27 13:00:14,270.0000,252.5000,255.0000,262.5200,10.9100
2026-04-27 13:30:32,270.0000,252.5000,255.0000,264.9900,11.0000
2026-04-27 14:00:32,270.0000,252.5000,255.0000,262.5400,13.8000
2026-04-27 14:30:28,270.0000,252.5000,255.0000,261.1900,13.8200
2026-04-27 15:00:29,270.0000,252.5000,255.0000,262.5000,14.0000
2026-04-27 15:30:29,270.0000,252.5000,255.0000,261.4900,13.9700
2026-04-27 16:00:27,270.0000,252.5000,255.0000,261.2600,14.0600
2026-04-27 16:30:28,270.0000,252.5000,255.0000,262.1500,14.1500
2026-04-27 18:07:49,270.0000,252.5000,255.0000,262.0500,14.2800
2026-04-27 18:30:36,270.0000,252.5000,255.0000,261.7200,14.3000
2026-04-27 19:00:30,270.0000,252.5000,255.0000,261.5700,14.3500
2026-04-27 19:30:32,270.0000,252.5000,255.0000,261.2400,14.3400
2026-04-27 20:00:31,270.0000,252.5000,255.0000,260.9700,14.2800
2026-04-28 12:34:24,270.0000,252.5000,255.0000,257.4300,14.0700
2026-04-28 13:00:28,270.0000,252.5000,255.0000,256.8700,14.0500
2026-04-28 13:30:28,270.0000,252.5000,255.0000,257.5000,14.0800
2026-04-28 13:55:41,270.0000,252.5000,255.0000,257.9400,15.7600
2026-04-28 14:00:28,270.0000,252.5000,255.0000,258.3200,15.9200
2026-04-28 14:02:15,270.0000,252.5000,255.0000,259.0800,15.9300
2026-04-28 14:07:38,270.0000,252.5000,255.0000,260.0200,15.9100
2026-04-28 14:30:32,270.0000,252.5000,255.0000,260.5500,15.9200
2026-04-28 14:35:13,270.0000,252.5000,255.0000,260.4800,15.9600
2026-04-28 15:00:32,270.0000,252.5000,255.0000,259.8300,16.0800
2026-04-28 15:30:25,270.0000,252.5000,255.0000,260.5200,15.9100
2026-04-28 16:00:26,270.0000,252.5000,255.0000,259.5600,16.0100
2026-04-28 16:05:41,270.0000,252.5000,255.0000,259.4500,15.9900
2026-04-28 16:30:28,270.0000,252.5000,255.0000,260.2300,16.1000
2026-04-28 16:38:22,270.0000,252.5000,255.0000,260.2000,16.0400
2026-04-28 16:45:45,270.0000,252.5000,255.0000,260.1900,16.0200
2026-04-28 17:00:31,270.0000,252.5000,255.0000,259.6600,16.0400
2026-04-28 17:30:29,270.0000,252.5000,255.0000,258.5400,16.2700
2026-04-28 18:00:29,270.0000,252.5000,255.0000,258.3200,16.2700
2026-04-28 18:30:30,270.0000,252.5000,255.0000,259.3200,16.4300
2026-04-28 19:00:32,270.0000,252.5000,255.0000,259.1200,16.4400
2026-04-28 19:30:29,270.0000,252.5000,255.0000,259.6500,16.5000
2026-04-28 20:00:34,270.0000,252.5000,255.0000,259.5900,16.5300
2026-04-29 05:28:46,270.0000,252.5000,255.0000,259.6700,16.4900
2026-04-29 08:40:05,270.0000,252.5000,255.0000,259.6700,16.4900
2026-04-29 08:44:34,270.0000,252.5000,255.0000,259.6700,16.4900
2026-04-29 08:46:40,270.0000,252.5000,255.0000,259.6700,16.4900
2026-04-29 08:50:31,270.0000,252.5000,255.0000,259.6700,16.4900
2026-04-29 13:00:16,270.0000,252.5000,260.0000,259.0200,16.4600
2026-04-29 13:30:32,270.0000,252.5000,260.0000,258.9000,16.4500
2026-04-29 14:00:31,270.0000,252.5000,260.0000,260.3600,19.1000
2026-04-29 14:30:30,270.0000,252.5000,260.0000,263.5100,19.9100
2026-04-29 15:00:26,270.0000,252.5000,260.0000,265.1700,19.6300
2026-04-29 15:30:28,270.0000,252.5000,260.0000,263.4600,19.6000
2026-04-29 16:00:31,270.0000,252.5000,260.0000,264.3200,19.8700
2026-04-29 16:30:29,270.0000,252.5000,260.0000,262.6200,19.5500
2026-04-29 17:00:31,270.0000,252.5000,260.0000,261.2100,19.5600
2026-04-29 17:30:33,270.0000,252.5000,260.0000,262.0600,19.8300
2026-04-29 18:00:36,270.0000,252.5000,260.0000,262.4800,19.9300
2026-04-29 18:30:35,270.0000,252.5000,260.0000,263.2200,19.9700
2026-04-29 19:00:31,270.0000,252.5000,260.0000,263.0200,20.0900
2026-04-29 19:30:30,270.0000,252.5000,260.0000,263.4500,20.6300
2026-04-29 20:00:25,270.0000,252.5000,260.0000,262.2800,20.5800
2026-04-30 05:24:49,272.5000,252.5000,260.0000,270.2500,21.5600
2026-04-30 13:43:13,275.0000,120.0000,nan,272.9600,nan
2026-04-30 14:00:28,275.0000,252.5000,260.0000,260.3200,10.7800
2026-04-30 14:30:31,275.0000,252.5000,260.0000,260.8400,9.7300
2026-04-30 15:00:30,260.0000,252.5000,260.0000,258.5600,9.2700
2026-04-30 15:30:23,260.0000,252.5000,260.0000,259.7500,9.1000
2026-04-30 15:43:14,260.0000,252.5000,260.0000,258.3100,8.8300
2026-04-30 16:00:31,260.0000,252.5000,260.0000,256.8200,8.8200
2026-04-30 16:06:52,260.0000,252.5000,260.0000,258.2400,8.9500
2026-04-30 16:21:10,260.0000,252.5000,260.0000,258.3900,8.5600
2026-04-30 16:30:47,260.0000,252.5000,260.0000,258.9000,8.4900
2026-04-30 16:55:09,260.0000,252.5000,260.0000,259.5700,8.4900
2026-04-30 17:00:30,260.0000,252.5000,260.0000,259.4000,8.4300
2026-04-30 17:08:30,260.0000,252.5000,260.0000,259.2100,8.2300
2026-04-30 17:17:56,260.0000,252.5000,260.0000,259.2600,8.4800
2026-04-30 17:30:30,260.0000,252.5000,260.0000,259.8700,8.1100
2026-04-30 17:48:10,260.0000,252.5000,260.0000,259.9900,8.5400
2026-04-30 18:00:27,262.5000,252.5000,260.0000,260.1000,8.0400
2026-04-30 18:30:26,270.0000,252.5000,260.0000,261.9400,8.8600
2026-04-30 19:00:28,270.0000,252.5000,260.0000,263.8200,8.5600
2026-04-30 19:30:32,270.0000,252.5000,260.0000,264.5400,8.3600
2026-04-30 20:00:26,270.0000,252.5000,260.0000,265.6900,8.0200
2026-04-30 20:29:45,270.0000,252.5000,260.0000,264.5400,7.7900
2026-05-01 12:44:59,280.0000,252.5000,260.0000,263.4000,5.0300
2026-05-01 13:00:22,280.0000,252.5000,260.0000,263.1500,5.1200
2026-05-01 13:30:20,280.0000,252.5000,260.0000,263.1400,5.1200
2026-05-01 14:00:22,270.0000,252.5000,260.0000,263.7500,4.8900
2026-05-01 14:30:24,280.0000,257.5000,260.0000,273.1200,5.3200
2026-05-01 15:00:22,280.0000,257.5000,260.0000,271.0300,5.0800
2026-05-01 15:30:22,280.0000,257.5000,260.0000,268.6500,4.9700
2026-05-01 16:00:25,280.0000,257.5000,260.0000,270.2200,4.9600
2026-05-01 16:30:29,280.0000,257.5000,260.0000,269.5500,4.9600
2026-05-01 17:00:25,280.0000,257.5000,260.0000,268.3800,4.8700
2026-05-01 17:30:23,280.0000,257.5000,260.0000,268.4800,4.7400
2026-05-01 18:00:24,280.0000,257.5000,260.0000,268.9000,4.7200
2026-05-01 18:30:24,280.0000,257.5000,260.0000,269.3100,4.7900
2026-05-01 19:00:24,280.0000,257.5000,260.0000,268.3400,4.8400
2026-05-01 19:30:26,280.0000,257.5000,260.0000,269.0500,4.8200
2026-05-01 20:00:27,280.0000,257.5000,260.0000,268.6300,4.7200
2026-05-04 04:00:10,280.0000,257.5000,260.0000,267.5500,4.7300
2026-05-04 07:25:34,280.0000,257.5000,260.0000,267.5500,4.7300
2026-05-04 13:00:13,280.0000,257.5000,260.0000,269.6400,4.7400
2026-05-04 13:23:48,280.0000,257.5000,260.0000,269.3800,4.7400
2026-05-04 13:30:30,280.0000,257.5000,260.0000,268.7900,4.7300
2026-05-04 14:00:24,280.0000,257.5000,260.0000,271.5500,5.3000
2026-05-04 14:30:22,280.0000,257.5000,260.0000,269.9900,5.2000
2026-05-04 15:00:27,280.0000,257.5000,260.0000,275.5400,5.5300
2026-05-04 15:07:23,280.0000,257.5000,260.0000,275.5600,5.4400
2026-05-04 16:27:45,280.0000,257.5000,260.0000,270.4500,5.5200
2026-05-04 16:30:33,280.0000,257.5000,260.0000,270.6100,5.5100
2026-05-04 17:00:29,280.0000,257.5000,260.0000,270.3800,5.4700
2026-05-04 17:30:29,280.0000,257.5000,260.0000,270.6500,5.3900
2026-05-04 18:00:32,280.0000,257.5000,260.0000,271.6700,5.4300
2026-05-04 18:30:33,280.0000,257.5000,260.0000,271.4500,5.3700
2026-05-04 19:00:35,280.0000,257.5000,260.0000,270.5600,5.3300
2026-05-04 19:30:31,280.0000,257.5000,260.0000,271.3200,5.3000
2026-05-04 20:00:29,280.0000,257.5000,260.0000,271.4700,5.2700
2026-05-05 06:54:00,280.0000,257.5000,260.0000,272.0000,5.2800
2026-05-05 13:00:14,280.0000,257.5000,260.0000,273.5500,5.3100
2026-05-05 13:30:28,280.0000,257.5000,260.0000,274.0500,5.2600
2026-05-05 14:00:27,280.0000,257.5000,260.0000,277.3800,5.4500
2026-05-05 14:30:22,280.0000,257.5000,260.0000,275.4300,5.1800
2026-05-05 15:00:25,280.0000,257.5000,260.0000,277.0100,5.3000
2026-05-05 15:30:31,280.0000,257.5000,260.0000,275.0800,5.1800
2026-05-05 16:00:31,280.0000,257.5000,260.0000,276.0700,5.2400
2026-05-05 16:30:28,280.0000,257.5000,260.0000,275.2700,5.1800
2026-05-05 17:00:31,280.0000,257.5000,260.0000,273.6000,5.2500
2026-05-05 17:30:33,280.0000,257.5000,260.0000,272.8100,5.2300
2026-05-05 18:00:26,280.0000,257.5000,260.0000,273.4800,5.2300
2026-05-05 18:30:29,280.0000,257.5000,260.0000,273.7500,5.1600
2026-05-05 19:00:37,280.0000,257.5000,260.0000,273.8800,5.1600
2026-05-05 19:30:37,280.0000,257.5000,260.0000,274.1000,5.1500
2026-05-05 20:00:33,280.0000,257.5000,260.0000,273.8300,5.1200
2026-05-06 09:21:43,280.0000,272.5000,275.0000,273.2000,5.1400
2026-05-06 13:00:17,280.0000,272.5000,275.0000,274.2000,5.0600
2026-05-06 13:30:35,280.0000,272.5000,275.0000,272.7100,5.1200
2026-05-06 14:00:27,280.0000,272.5000,275.0000,274.8100,5.1200
2026-05-06 14:30:27,280.0000,272.5000,275.0000,273.0400,5.0900
2026-05-06 15:00:34,280.0000,272.5000,275.0000,274.9800,5.0700
2026-05-06 15:30:26,280.0000,272.5000,275.0000,273.9300,4.9200
2026-05-06 16:00:24,280.0000,272.5000,275.0000,273.2500,5.0400
2026-05-06 16:30:25,280.0000,272.5000,275.0000,275.3000,4.9900
2026-05-06 17:00:29,280.0000,272.5000,275.0000,275.6600,5.0000
2026-05-06 17:30:34,280.0000,272.5000,275.0000,276.4900,5.0000
2026-05-06 18:00:34,280.0000,272.5000,275.0000,276.6900,5.0100
2026-05-06 18:30:37,280.0000,272.5000,275.0000,277.4700,5.0500
2026-05-06 19:00:32,280.0000,272.5000,275.0000,276.4700,4.9600
2026-05-06 19:30:31,280.0000,272.5000,275.0000,276.6800,5.0200
2026-05-06 20:00:34,280.0000,272.5000,275.0000,276.3800,4.9800
2026-05-07 13:00:14,280.0000,272.5000,275.0000,275.5100,4.9700
2026-05-07 13:30:30,280.0000,272.5000,275.0000,275.4500,4.9700
2026-05-07 14:00:32,280.0000,272.5000,275.0000,274.8300,5.0900
2026-05-07 14:30:33,280.0000,272.5000,275.0000,273.4800,5.0100
2026-05-07 15:00:35,280.0000,272.5000,275.0000,273.7800,4.9100
2026-05-07 15:30:33,280.0000,272.5000,275.0000,272.5400,4.8800
2026-05-07 16:00:26,280.0000,272.5000,275.0000,273.3400,4.9100
2026-05-07 16:30:28,280.0000,272.5000,275.0000,272.6200,4.8600
2026-05-07 17:00:36,280.0000,272.5000,275.0000,272.7200,4.8600
2026-05-07 17:30:12,280.0000,257.5000,270.0000,272.3800,4.8700
2026-05-07 17:31:30,280.0000,257.5000,270.0000,272.2700,4.8600
2026-05-07 18:00:35,280.0000,257.5000,270.0000,271.9300,4.9200
2026-05-07 18:07:22,280.0000,257.5000,270.0000,271.9300,4.8900
2026-05-07 18:30:28,280.0000,272.5000,275.0000,272.7200,4.9000
2026-05-07 19:00:29,280.0000,257.5000,270.0000,271.7700,4.7400
2026-05-07 19:30:33,280.0000,257.5000,270.0000,271.8900,4.8600
2026-05-07 20:00:33,280.0000,257.5000,270.0000,271.8600,4.8000
2026-05-08 09:00:54,280.0000,257.5000,270.0000,270.8800,4.7700
2026-05-08 13:00:16,280.0000,257.5000,270.0000,272.3100,4.7300
2026-05-08 13:30:33,280.0000,257.5000,270.0000,272.1500,4.7300
2026-05-08 14:00:33,280.0000,257.5000,270.0000,271.1400,4.8500
2026-05-08 14:30:34,280.0000,272.5000,275.0000,273.1800,4.9200
2026-05-08 15:00:35,280.0000,257.5000,270.0000,271.8000,4.7700
2026-05-08 15:30:31,280.0000,257.5000,270.0000,272.2500,4.8500
2026-05-08 16:00:26,280.0000,272.5000,275.0000,272.9600,4.9100
2026-05-08 16:30:30,280.0000,272.5000,275.0000,273.2100,4.8700
2026-05-08 17:00:35,280.0000,257.5000,270.0000,272.4100,4.7300
2026-05-08 17:30:36,280.0000,272.5000,275.0000,273.0700,4.7900
2026-05-08 18:00:32,280.0000,257.5000,270.0000,272.4300,4.8200
2026-05-08 18:30:26,280.0000,272.5000,275.0000,272.5100,4.8100
2026-05-08 19:00:29,280.0000,257.5000,270.0000,272.0800,4.7000
2026-05-08 19:30:34,280.0000,272.5000,275.0000,272.6300,4.8300
2026-05-08 20:00:31,280.0000,272.5000,275.0000,273.1900,4.7700
2026-05-11 07:07:39,280.0000,272.5000,275.0000,272.5800,4.7400
2026-05-11 09:32:45,280.0000,272.5000,275.0000,272.5800,4.7400
2026-05-11 13:00:17,280.0000,267.5000,270.0000,270.5700,4.7400
2026-05-11 13:30:32,280.0000,267.5000,270.0000,270.4500,4.7600
2026-05-11 14:00:32,280.0000,272.5000,275.0000,272.6300,5.7900
2026-05-11 14:16:37,280.0000,272.5000,275.0000,273.0500,5.7000
2026-05-11 14:30:34,280.0000,267.5000,270.0000,271.6400,5.5600
2026-05-11 15:00:34,275.0000,267.5000,270.0000,271.6600,5.4800
2026-05-11 15:30:32,280.0000,267.5000,270.0000,271.8300,5.3500
2026-05-11 15:41:05,280.0000,267.5000,270.0000,272.0200,5.4300
2026-05-11 16:00:32,280.0000,272.5000,275.0000,272.6700,5.5400
2026-05-11 16:30:33,280.0000,267.5000,270.0000,272.3500,5.4800
2026-05-11 17:00:34,280.0000,267.5000,270.0000,272.0000,5.5500
2026-05-11 17:30:33,275.0000,267.5000,270.0000,271.4000,5.4600
2026-05-11 18:00:26,275.0000,267.5000,270.0000,271.0800,5.4800
2026-05-11 18:30:29,275.0000,267.5000,270.0000,270.8800,5.5200
2026-05-11 19:00:35,275.0000,267.5000,270.0000,269.9800,5.5200
2026-05-11 19:30:34,275.0000,267.5000,270.0000,269.5900,5.5500
2026-05-11 20:00:33,275.0000,267.5000,270.0000,269.5700,5.4500
2026-05-12 09:38:35,275.0000,267.5000,270.0000,269.0000,5.4300
2026-05-12 12:18:20,275.0000,257.5000,265.0000,266.8800,5.4400
2026-05-12 13:00:16,275.0000,257.5000,265.0000,267.2100,5.4400
2026-05-12 13:30:30,275.0000,267.5000,270.0000,267.7600,5.4900
2026-05-12 14:00:31,275.0000,257.5000,265.0000,265.3800,5.7600
2026-05-12 14:22:57,275.0000,257.5000,265.0000,265.1900,5.8200
2026-05-12 14:30:32,275.0000,257.5000,265.0000,265.1600,5.7900
2026-05-12 14:37:05,275.0000,257.5000,265.0000,265.3100,5.6600
2026-05-12 15:00:38,275.0000,257.5000,265.0000,264.5700,5.5500
2026-05-12 15:30:35,275.0000,257.5000,265.0000,264.9000,5.6400
2026-05-12 16:00:30,275.0000,257.5000,265.0000,264.8500,5.6600
2026-05-12 16:30:30,275.0000,257.5000,265.0000,264.5200,5.6200
2026-05-12 16:52:38,270.0000,257.5000,265.0000,262.8700,5.7200
2026-05-12 17:00:35,270.0000,257.5000,265.0000,263.1100,5.6200
2026-05-12 17:30:32,270.0000,257.5000,265.0000,263.3100,5.4800
2026-05-12 17:32:27,270.0000,257.5000,265.0000,263.2700,5.4800
2026-05-12 18:00:32,270.0000,257.5000,265.0000,264.2300,5.5100
2026-05-12 18:30:33,270.0000,257.5000,265.0000,263.9400,5.4700
2026-05-12 19:00:30,270.0000,257.5000,265.0000,264.2700,5.4900
2026-05-12 19:30:30,270.0000,257.5000,265.0000,264.5500,5.4500
2026-05-12 20:00:29,275.0000,257.5000,265.0000,265.3900,5.5200
2026-05-13 09:16:45,270.0000,257.5000,265.0000,266.7900,5.6100
2026-05-13 09:32:08,270.0000,257.5000,265.0000,266.5900,5.4900
2026-05-13 10:42:00,270.0000,257.5000,265.0000,266.2800,5.4900
2026-05-13 13:00:14,270.0000,257.5000,265.0000,264.4100,5.4600
2026-05-13 13:30:29,270.0000,257.5000,265.0000,265.5000,5.4700
2026-05-13 14:00:37,270.0000,257.5000,265.0000,265.1400,6.0400
2026-05-13 14:30:38,270.0000,257.5000,265.0000,265.7900,5.7700
2026-05-13 15:00:32,270.0000,257.5000,265.0000,265.1000,5.7100
2026-05-13 15:15:10,270.0000,257.5000,265.0000,265.2400,5.6700
2026-05-13 15:24:37,270.0000,257.5000,265.0000,265.3000,5.6700
2026-05-13 15:30:33,270.0000,257.5000,265.0000,265.5200,5.7300
2026-05-13 15:46:50,270.0000,257.5000,265.0000,266.9400,6.0300
2026-05-13 15:50:21,270.0000,257.5000,265.0000,267.2400,6.1700
2026-05-13 15:56:35,275.0000,267.5000,270.0000,267.8300,6.0900
2026-05-13 16:00:33,275.0000,267.5000,270.0000,268.3600,5.8200
2026-05-13 16:21:04,275.0000,267.5000,270.0000,268.5100,5.9600
2026-05-13 16:24:02,275.0000,267.5000,270.0000,268.7300,6.0200
2026-05-13 16:29:27,275.0000,267.5000,270.0000,268.5800,5.9800
2026-05-13 16:30:43,275.0000,267.5000,270.0000,268.7500,5.9300
2026-05-13 16:32:18,275.0000,267.5000,270.0000,268.8700,5.9400
2026-05-13 16:44:06,275.0000,267.5000,270.0000,269.6200,6.1500
2026-05-13 16:46:07,275.0000,267.5000,270.0000,269.4600,6.1200
2026-05-13 16:49:26,275.0000,267.5000,270.0000,268.9000,5.8900
2026-05-13 16:55:21,275.0000,267.5000,270.0000,269.1200,5.9000
2026-05-13 17:00:32,275.0000,267.5000,270.0000,269.1500,6.0300
2026-05-13 17:18:59,275.0000,267.5000,270.0000,270.2000,6.0500
2026-05-13 17:22:00,275.0000,267.5000,270.0000,270.1500,6.0600
2026-05-13 17:30:34,275.0000,267.5000,270.0000,270.1900,6.0400
2026-05-13 17:35:59,275.0000,267.5000,270.0000,269.4900,5.7900
2026-05-13 18:00:32,275.0000,267.5000,270.0000,269.2500,5.4000
2026-05-13 18:30:31,275.0000,267.5000,270.0000,269.7800,6.0100
2026-05-13 19:00:31,275.0000,267.5000,270.0000,269.7400,5.9400
2026-05-13 19:30:31,275.0000,267.5000,270.0000,269.5300,5.4100
2026-05-13 20:00:33,275.0000,267.5000,270.0000,270.3700,5.8700
2026-05-13 20:14:52,275.0000,267.5000,270.0000,270.1800,6.1600
2026-05-14 06:35:24,275.0000,267.5000,270.0000,270.4100,6.2200
2026-05-14 10:21:34,275.0000,267.5000,270.0000,269.5000,6.2000
2026-05-14 12:46:17,275.0000,267.5000,270.0000,270.0500,6.2100
2026-05-14 13:00:54,275.0000,267.5000,270.0000,269.8100,6.2000
2026-05-14 13:30:46,275.0000,267.5000,270.0000,269.4300,6.1900
2026-05-14 14:00:32,275.0000,267.5000,270.0000,269.8900,7.1800
2026-05-14 14:30:31,275.0000,262.5000,270.0000,268.3600,6.5900
2026-05-14 14:54:14,270.0000,262.5000,265.0000,267.4800,6.9000
2026-05-14 15:00:33,270.0000,262.5000,270.0000,267.6000,6.3600
2026-05-14 15:30:34,270.0000,262.5000,270.0000,267.6700,6.3400
2026-05-14 16:00:34,270.0000,262.5000,270.0000,267.7000,5.6900
2026-05-14 16:30:34,275.0000,267.5000,270.0000,268.3000,6.2200
2026-05-14 17:00:34,275.0000,267.5000,270.0000,268.6100,6.4900
2026-05-14 17:30:34,270.0000,267.5000,270.0000,268.2800,6.8000
