time,open,high,low,close,volume
2026-07-29 18:00:25,395.0000,360.0000,382.5000,376.3100,17.6300
2026-07-29 18:13:19,395.0000,360.0000,382.5000,376.5900,17.5900
2026-07-29 18:30:30,395.0000,360.0000,382.5000,379.0600,17.3600
2026-07-29 19:00:31,395.0000,360.0000,382.5000,382.3800,16.7800
2026-07-29 19:30:26,395.0000,360.0000,382.5000,383.0500,16.9300
2026-07-29 19:57:33,395.0000,360.0000,382.5000,377.4200,17.7500
2026-07-29 20:00:29,395.0000,360.0000,370.0000,376.1400,17.7300
2026-07-30 13:00:16,395.0000,360.0000,380.0000,380.1900,17.6400
2026-07-30 13:18:23,395.0000,360.0000,380.0000,380.4200,17.8000
2026-07-30 13:30:23,395.0000,360.0000,380.0000,381.1200,17.7000
2026-07-30 14:00:26,395.0000,360.0000,380.0000,380.6000,16.3500
2026-07-30 14:30:32,395.0000,360.0000,385.0000,385.0500,16.5000
2026-07-30 15:00:32,395.0000,360.0000,385.0000,385.2400,16.8200
2026-07-30 15:30:27,395.0000,360.0000,385.0000,384.4800,16.8700
2026-07-30 16:00:27,395.0000,360.0000,385.0000,383.0600,16.6800
2026-07-30 16:30:27,395.0000,360.0000,385.0000,387.4500,16.4800
2026-07-30 17:00:26,395.0000,360.0000,385.0000,383.9200,16.2500
2026-07-30 17:30:27,395.0000,360.0000,385.0000,385.1100,16.2100
2026-07-30 18:00:26,395.0000,360.0000,385.0000,386.0700,16.2700
2026-07-30 18:30:29,395.0000,360.0000,385.0000,386.4900,16.0500
2026-07-30 19:00:28,395.0000,360.0000,385.0000,386.1900,15.8000
2026-07-30 19:30:24,395.0000,360.0000,385.0000,387.6700,16.5000
2026-07-30 20:00:25,395.0000,360.0000,385.0000,387.9200,16.0200
2026-07-31 09:13:59,400.0000,382.5000,385.0000,393.0000,16.3300
2026-07-31 13:00:15,400.0000,382.5000,385.0000,390.8100,16.2500
2026-07-31 13:30:32,400.0000,382.5000,385.0000,391.1400,16.3200
2026-07-31 14:00:30,395.0000,382.5000,385.0000,385.7400,19.7700
2026-07-31 14:30:30,390.0000,380.0000,385.0000,381.0000,17.3800
2026-07-31 15:00:32,395.0000,382.5000,385.0000,386.3300,16.7000
2026-07-31 15:30:24,390.0000,382.5000,385.0000,386.3800,17.7800
2026-07-31 15:46:30,390.0000,382.5000,385.0000,384.4800,18.8500
2026-07-31 15:53:32,390.0000,382.5000,385.0000,386.2300,18.4200
2026-07-31 16:00:29,390.0000,382.5000,385.0000,385.8200,16.2200
2026-07-31 16:30:25,390.0000,382.5000,385.0000,385.5500,15.9600
2026-07-31 17:00:24,390.0000,382.5000,385.0000,387.1500,16.0700
2026-07-31 17:30:26,390.0000,382.5000,385.0000,389.4700,18.6800
2026-07-31 18:00:31,390.0000,382.5000,385.0000,389.0800,15.3100
2026-07-31 18:30:33,390.0000,382.5000,385.0000,387.6500,19.6800
2026-07-31 18:33:08,390.0000,382.5000,385.0000,388.2200,25.1700
2026-07-31 18:36:40,390.0000,382.5000,385.0000,388.3200,23.7000
2026-07-31 19:00:31,390.0000,382.5000,385.0000,388.6000,17.1400
2026-07-31 19:30:29,390.0000,382.5000,385.0000,387.8500,23.6400
2026-08-03 08:57:20,400.0000,360.0000,385.0000,387.4500,12.3600
2026-08-03 11:04:03,392.5000,360.0000,382.5000,387.0800,12.3400
2026-08-03 13:00:14,392.5000,360.0000,382.5000,385.4600,12.3500
2026-08-03 13:30:28,392.5000,360.0000,382.5000,385.5000,12.3600
2026-08-03 14:00:30,392.5000,360.0000,377.5000,376.3900,14.3800
2026-08-03 14:30:31,392.5000,360.0000,377.5000,379.5000,13.5600
2026-08-03 15:00:23,392.5000,360.0000,382.5000,382.6400,13.6000
2026-08-03 15:30:19,392.5000,360.0000,382.5000,388.2900,13.8500
2026-08-03 16:00:19,392.5000,360.0000,382.5000,387.5300,13.9700
2026-08-03 16:23:34,392.5000,360.0000,382.5000,388.2200,14.0600
2026-08-03 16:30:22,392.5000,360.0000,382.5000,387.9800,14.0600
2026-08-03 16:44:03,392.5000,360.0000,382.5000,388.8000,14.0600
2026-08-03 17:00:24,392.5000,360.0000,382.5000,388.3900,14.0000
2026-08-03 17:20:51,392.5000,360.0000,382.5000,388.3100,13.8900
2026-08-03 17:29:01,392.5000,360.0000,382.5000,389.0700,14.0000
2026-08-03 17:30:25,392.5000,360.0000,382.5000,388.9700,13.9900
2026-08-03 18:00:23,392.5000,360.0000,382.5000,389.0200,13.8900
2026-08-03 18:10:47,392.5000,360.0000,382.5000,389.9800,13.9200
2026-08-03 18:30:30,392.5000,360.0000,382.5000,391.0600,13.9700
2026-08-03 19:00:32,392.5000,360.0000,382.5000,392.3700,14.0700
2026-08-03 19:30:30,392.5000,360.0000,382.5000,391.4200,14.0200
2026-08-03 20:00:31,392.5000,360.0000,382.5000,391.0300,14.2800
2026-08-04 13:39:32,410.0000,360.0000,385.0000,403.5000,14.6300
2026-08-04 13:48:27,410.0000,360.0000,385.0000,406.2600,16.2500
2026-08-04 14:00:22,430.0000,380.0000,385.0000,410.6800,16.4900
2026-08-04 14:30:20,410.0000,380.0000,385.0000,409.7100,16.4600
2026-08-04 15:00:22,430.0000,380.0000,385.0000,412.0700,16.4800
2026-08-04 15:30:26,430.0000,380.0000,385.0000,411.6100,16.6600
2026-08-04 15:40:23,430.0000,380.0000,385.0000,413.6400,16.9800
2026-08-04 16:00:22,430.0000,380.0000,385.0000,415.1800,17.1300
2026-08-04 16:30:22,430.0000,380.0000,385.0000,415.7200,16.9800
2026-08-04 17:00:19,430.0000,380.0
2026-09-25 20:00:10,355.0000,2026-08-04 18:00:21,430.0000,380.0000,385.0000,421.2400,17.6200
2026-08-04 18:30:25,430.0000,380.0000,385.0000,421.2100,17.6200
2026-08-04 19:00:25,430.0000,380.0000,385.0000,420.5900,17.5500
2026-08-04 19:26:29,430.0000,380.0000,385.0000,421.3900,17.6200
2026-08-04 19:30:26,430.0000,380.0000,385.0000,421.5000,17.5700
2026-08-04 20:00:23,430.0000,380.0000,385.0000,420.4200,17.6200
2026-08-05 08:52:09,430.0000,380.0000,385.0000,417.7500,17.4700
2026-08-05 12:44:26,430.0000,377.5000,412.5000,415.6000,17.3400
2026-08-05 13:00:22,430.0000,377.5000,412.5000,417.0800,17.3900
2026-08-05 13:30:20,420.0000,377.5000,412.5000,414.5200,17.2900
2026-08-05 14:00:20,430.0000,377.5000,412.5000,423.6800,17.5300
2026-08-05 14:30:21,430.0000,410.0000,412.5000,423.5300,17.0800
2026-08-05 14:52:59,430.0000,410.0000,412.5000,420.4900,16.6200
2026-08-05 15:00:26,430.0000,410.0000,412.5000,421.1100,16.5100
2026-08-05 15:30:24,430.0000,410.0000,412.5000,420.1700,15.9100
2026-08-05 16:00:23,430.0000,410.0000,412.5000,421.0600,15.6300
2026-08-05 16:18:20,420.0000,410.0000,412.5000,418.9100,15.4800
2026-08-05 16:30:25,420.0000,410.0000,412.5000,418.6100,15.5000
2026-08-05 17:00:27,430.0000,410.0000,412.5000,421.3800,15.5800
2026-08-05 17:30:22,430.0000,410.0000,412.5000,420.1300,15.1500
2026-08-05 18:00:23,430.0000,410.0000,412.5000,420.4200,15.3100
2026-08-05 18:30:29,430.0000,410.0000,412.5000,420.7900,15.3100
2026-08-05 18:55:25,430.0000,410.0000,412.5000,421.0500,15.2500
2026-08-05 19:00:24,430.0000,410.0000,412.5000,420.9300,15.2800
2026-08-05 19:30:29,430.0000,410.0000,412.5000,421.8600,14.9200
2026-08-05 19:41:51,430.0000,410.0000,412.5000,422.1000,15.0600
2026-08-05 19:54:12,430.0000,410.0000,412.5000,422.2500,15.1800
2026-08-05 20:00:31,430.0000,410.0000,412.5000,420.9500,15.0600
2026-08-06 10:52:19,425.0000,410.0000,420.0000,418.8200,15.1300
2026-08-06 13:00:11,425.0000,410.0000,420.0000,420.0000,15.1400
2026-08-06 13:22:51,425.0000,410.0000,420.0000,419.4500,15.0100
2026-08-06 13:30:24,425.0000,410.0000,420.0000,419.5000,15.0100
2026-08-06 14:00:18,425.0000,410.0000,415.0000,416.2900,16.0500
2026-08-06 14:30:20,430.0000,410.0000,425.0000,426.2700,16.4900
2026-08-06 15:00:21,425.0000,410.0000,425.0000,424.4300,15.7700
2026-08-06 15:30:17,425.0000,410.0000,425.0000,424.7400,15.4900
2026-08-06 16:00:18,425.0000,410.0000,425.0000,423.1600,15.0700
2026-08-06 16:30:17,425.0000,410.0000,425.0000,422.7600,15.1500
2026-08-06 17:00:17,425.0000,410.0000,425.0000,422.6100,14.6600
2026-08-06 17:30:18,425.0000,410.0000,425.0000,424.7200,14.5200
2026-08-06 18:00:18,425.0000,410.0000,425.0000,423.6300,14.4700
2026-08-06 18:30:21,425.0000,410.0000,425.0000,424.1300,14.2300
2026-08-06 19:00:27,425.0000,410.0000,425.0000,423.1300,14.2300
2026-08-06 19:30:25,425.0000,410.0000,425.0000,423.1100,14.5200
2026-08-06 20:00:20,425.0000,410.0000,425.0000,422.6400,14.5500
2026-08-07 11:02:13,450.0000,360.0000,400.0000,422.5300,12.4100
2026-08-07 13:00:11,450.0000,360.0000,400.0000,427.9900,12.5700
2026-08-07 13:30:19,450.0000,360.0000,400.0000,427.5800,12.5400
2026-08-07 14:00:17,450.0000,370.0000,400.0000,426.8600,12.4400
2026-08-07 14:30:24,450.0000,370.0000,400.0000,422.9000,11.8200
2026-08-07 15:00:24,450.0000,360.0000,400.0000,424.4900,11.8800
2026-08-07 15:30:21,450.0000,360.0000,400.0000,425.2700,11.8200
2026-08-07 16:00:29,450.0000,370.0000,400.0000,424.9300,11.7100
2026-08-07 16:30:28,450.0000,370.0000,400.0000,425.0000,11.5800
2026-08-07 17:00:24,450.0000,360.0000,400.0000,423.9600,11.6000
2026-08-07 17:30:21,450.0000,370.0000,400.0000,424.7300,11.5400
2026-08-07 18:00:21,450.0000,370.0000,400.0000,424.8800,11.4800
2026-08-07 18:30:24,450.0000,370.0000,400.0000,424.3200,11.2900
2026-08-07 19:00:24,450.0000,370.0000,400.0000,424.7100,11.1700
2026-08-07 19:30:26,450.0000,370.0000,400.0000,427.2100,11.2400
2026-08-07 20:00:27,450.0000,370.0000,400.0000,425.7300,11.2300
2026-08-10 04:00:12,450.0000,370.0000,400.0000,426.4500,11.3300
2026-08-10 05:09:07,450.0000,370.0000,400.0000,426.4500,11.3300
2026-08-10 08:09:43,450.0000,370.0000,400.0000,426.4500,11.3300
2026-08-10 10:27:19,450.0000,370.0000,400.0000,430.3000,11.4000
2026-08-10 13:00:12,450.0000,370.0000,400.0000,427.9400,11.3600
2026-08-10 13:30:24,450.0000,370.0000,400.0000,429.6800,11.3900
2026-08-10 14:00:25,450.0000,370.0000,400.0000,427.9900,12.2800
2026-08-10 14:23:30,450.0000,370.0000,400.0000,431.9200,12.2600
2026-08-10 14:30:24,450.0000,370.0000,400.0000,431.2100,12.3400
2026-08-10 15:00:24,450.0000,370.0000,400.0000,429.8800,12.2300
2026-08-10 15:12:02,450.0000,370.0000,400.0000,426.8000,12.0400
2026-08-10 15:30:33,450.0000,370.0000,400.0000,426.0100,12.0300
2026-08-10 16:00:26,450.0000,370.0000,400.0000,426.2900,11.7900
2026-08-10 16:30:25,450.0000,370.0000,400.0000,426.2300,11.7300
2026-08-10 17:00:36,450.0000,370.0000,400.0000,420.7800,11.7700
2026-08-10 17:30:28,450.0000,370.0000,400.0000,423.3100,11.7100
2026-08-10 18:00:22,450.0000,370.0000,400.0000,422.9700,11.5700
2026-08-10 18:12:42,450.0000,370.0000,400.0000,423.4200,11.5800
2026-08-10 18:30:27,450.0000,370.0000,400.0000,423.6900,11.5200
2026-08-10 19:00:23,450.0000,370.0000,400.0000,424.1300,11.5200
2026-08-10 19:30:21,450.0000,370.0000,400.0000,424.5000,11.6200
2026-08-10 19:33:37,450.0000,370.0000,400.0000,424.3900,11.6000
2026-08-10 20:00:25,450.0000,370.0000,400.0000,424.1000,11.8100
2026-08-11 05:18:09,450.0000,370.0000,400.0000,422.2800,11.7300
2026-08-11 13:00:13,450.0000,360.0000,420.0000,424.6100,11.8100
2026-08-11 13:30:31,450.0000,360.0000,420.0000,424.5100,11.7900
2026-08-11 14:00:35,450.0000,370.0000,420.0000,420.1100,11.6100
2026-08-11 14:30:33,450.0000,370.0000,420.0000,420.3800,11.4700
2026-08-11 15:00:32,450.0000,370.0000,420.0000,421.6400,11.5600
2026-08-11 15:30:29,450.0000,370.0000,420.0000,422.0100,11.3200
2026-08-11 16:00:25,450.0000,370.0000,420.0000,419.8500,11.1600
2026-08-11 16:30:22,450.0000,370.0000,420.0000,419.4600,10.9500
2026-08-11 17:00:21,450.0000,360.0000,420.0000,418.8500,11.0900
2026-08-11 17:30:22,450.0000,370.0000,420.0000,418.0000,11.1600
2026-08-11 18:00:26,450.0000,370.0000,420.0000,417.6200,11.1200
2026-08-11 18:30:29,450.0000,370.0000,415.0000,416.6300,11.0700
2026-08-11 19:00:29,430.0000,370.0000,415.0000,413.7800,11.0400
2026-08-11 19:30:27,430.0000,370.0000,415.0000,413.8900,11.0500
2026-08-11 20:00:28,430.0000,370.0000,415.0000,414.4500,10.9600
2026-08-12 05:12:21,430.0000,370.0000,415.0000,416.5200,11.0500
2026-08-12 10:19:54,430.0000,370.0000,420.0000,419.4500,11.1100
2026-08-12 13:00:10,430.0000,370.0000,420.0000,421.5000,11.1100
2026-08-12 13:30:24,430.0000,370.0000,425.0000,424.3800,11.2100
2026-08-12 14:00:30,430.0000,417.5000,420.0000,419.4100,11.2000
2026-08-12 14:30:31,450.0000,417.5000,420.0000,421.5000,10.9100
2026-08-12 15:00:30,450.0000,417.5000,420.0000,422.3700,11.0100
2026-08-12 15:11:26,450.0000,417.5000,420.0000,422.0900,11.0200
2026-08-12 15:30:34,430.0000,417.5000,420.0000,419.8700,10.8200
2026-08-12 16:00:34,430.0000,417.5000,420.0000,419.2900,10.6900
2026-08-12 16:30:33,430.0000,417.5000,420.0000,419.3900,10.5600
2026-08-12 17:00:28,430.0000,417.5000,420.0000,419.1400,10.5700
2026-08-12 17:30:25,430.0000,417.5000,420.0000,419.2200,10.5000
2026-08-12 18:00:23,430.0000,417.5000,420.0000,419.1100,10.6400
2026-08-12 18:30:23,430.0000,417.5000,420.0000,417.8100,10.7100
2026-08-12 19:00:26,430.0000,417.5000,420.0000,417.6800,10.5800
2026-08-12 19:30:27,430.0000,370.0000,415.0000,416.8500,10.5000
2026-08-12 20:00:28,430.0000,370.0000,415.0000,414.9800,10.5600
2026-08-13 07:51:52,430.0000,370.0000,415.0000,415.2200,10.6000
2026-08-13 13:00:14,430.0000,370.0000,410.0000,415.0000,10.5600
2026-08-13 13:30:24,430.0000,370.0000,420.0000,416.2500,10.6300
2026-08-13 14:00:19,430.0000,417.5000,420.0000,421.8500,10.7400
2026-08-13 14:30:22,450.0000,417.5000,420.0000,422.9800,11.3900
2026-08-13 15:00:25,450.0000,417.5000,420.0000,423.6900,11.0400
2026-08-13 15:30:24,450.0000,417.5000,420.0000,424.1900,10.8700
2026-08-13 16:00:25,430.0000,417.5000,420.0000,422.4400,10.7600
2026-08-13 16:30:28,430.0000,417.5000,420.0000,422.2000,10.5500
2026-08-13 17:00:25,430.0000,417.5000,420.0000,421.5100,10.4500
2026-08-13 17:30:20,430.0000,417.5000,420.0000,421.7900,10.4900
2026-08-13 18:00:23,430.0000,417.5000,420.0000,421.2000,10.5200
2026-08-13 18:11:13,430.0000,417.5000,420.0000,420.5300,10.4500
2026-08-13 18:30:31,430.0000,417.5000,420.0000,419.7500,10.4900
2026-08-13 19:00:30,430.0000,417.5000,420.0000,420.0200,10.6300
2026-08-13 19:30:29,430.0000,417.5000,420.0000,420.8100,11.0100
2026-08-13 20:00:30,430.0000,417.5000,420.0000,418.8900,10.8300
2026-08-14 06:54:16,430.0000,417.5000,420.0000,418.5100,10.9100
2026-08-14 13:00:10,430.0000,370.0000,420.0000,419.0200,10.9300
2026-08-14 13:30:22,430.0000,370.0000,420.0000,418.4600,10.9100
2026-08-14 14:00:21,410.0000,370.0000,410.0000,407.5100,10.4900
2026-08-14 14:30:18,410.0000,370.0000,392.5000,400.7900,10.2600
2026-08-14 15:00:23,410.0000,370.0000,392.5000,398.4400,10.1800
2026-08-14 15:30:27,410.0000,370.0000,392.5000,394.7500,9.8700
2026-08-14 16:00:22,410.0000,370.0000,392.5000,393.3100,9.7000
2026-08-14 16:30:22,410.0000,370.0000,392.5000,395.5000,9.5100
2026-08-14 17:00:27,410.0000,370.0000,392.5000,393.5600,9.5000
2026-08-14 17:30:27,410.0000,370.0000,392.5000,392.9000,9.3800
2026-08-14 18:00:22,410.0000,370.0000,392.5000,391.3900,9.3900
2026-08-14 18:30:20,410.0000,370.0000,390.0000,389.2000,9.5900
2026-08-14 19:00:23,410.0000,370.0000,390.0000,390.7700,9.5200
2026-08-14 19:30:26,410.0000,370.0000,390.0000,390.4400,9.4200
2026-08-14 20:00:23,410.0000,370.0000,392.5000,393.7900,9.4000
2026-08-17 04:00:11,410.0000,370.0000,392.5000,393.5500,9.5100
2026-08-17 05:07:26,410.0000,370.0000,392.5000,393.5500,9.5100
2026-08-17 13:15:25,410.0000,370.0000,387.5000,396.2500,9.5500
2026-08-17 15:00:10,410.0000,375.0000,387.5000,396.8000,10.3600
2026-08-17 15:30:27,410.0000,370.0000,387.5000,394.3000,10.6300
2026-08-17 16:00:27,410.0000,370.0000,387.5000,395.0000,10.7400
2026-08-17 16:30:27,410.0000,370.0000,387.5000,396.6200,10.9300
2026-08-17 17:00:26,410.0000,370.0000,387.5000,397.8000,10.9700
2026-08-17 17:30:21,410.0000,370.0000,387.5000,397.2000,10.9600
2026-08-17 18:00:26,410.0000,370.0000,387.5000,396.3300,11.0400
2026-08-17 18:30:27,410.0000,370.0000,387.5000,395.0000,10.9000
2026-08-17 19:00:25,410.0000,370.0000,387.5000,394.1700,10.9600
2026-08-17 19:30:22,410.0000,370.0000,387.5000,393.5700,11.0100
2026-08-17 20:00:23,410.0000,370.0000,387.5000,393.3600,10.9800
2026-08-18 04:59:33,410.0000,370.0000,387.5000,392.8000,10.7800
2026-08-18 07:40:18,410.0000,370.0000,387.5000,392.8000,10.7800
2026-08-18 13:00:12,410.0000,370.0000,387.5000,386.0400,10.6700
2026-08-18 13:30:27,410.0000,375.0000,387.5000,384.3600,10.5900
2026-08-18 14:00:23,410.0000,370.0000,387.5000,382.7600,11.1400
2026-08-18 14:30:24,395.0000,370.0000,387.5000,377.9000,11.0400
2026-08-18 15:00:32,395.0000,370.0000,387.5000,379.1000,10.4600
2026-08-18 15:30:28,395.0000,370.0000,387.5000,377.8200,10.8200
2026-08-18 16:00:22,395.0000,370.0000,387.5000,380.3300,10.7700
2026-08-18 16:30:22,395.0000,370.0000,387.5000,380.8000,10.6400
2026-08-18 17:00:23,395.0000,370.0000,387.5000,380.7400,10.5200
2026-08-18 17:30:20,395.0000,370.0000,387.5000,381.1200,10.2700
2026-08-18 18:00:18,395.0000,370.0000,387.5000,381.1200,10.2900
2026-08-18 18:30:18,395.0000,370.0000,387.5000,380.7600,10.4100
2026-08-18 19:00:25,395.0000,370.0000,387.5000,379.2500,10.3200
2026-08-18 19:30:33,395.0000,370.0000,387.5000,379.1800,10.3800
2026-08-18 20:00:28,395.0000,370.0000,387.5000,379.5500,10.5400
2026-08-19 06:07:35,395.0000,370.0000,387.5000,379.9600,10.5700
2026-08-19 13:00:11,400.0000,360.0000,387.5000,365.5700,9.0100
2026-08-19 13:30:27,400.0000,360.0000,387.5000,368.6200,9.9900
2026-08-19 14:00:32,400.0000,360.0000,387.5000,363.9800,12.0200
2026-08-19 14:30:34,400.0000,340.0000,387.5000,358.9700,10.9100
2026-08-19 15:00:33,400.0000,350.0000,387.5000,359.8200,10.9300
2026-08-19 15:30:32,400.0000,360.0000,387.5000,361.6400,10.5100
2026-08-19 15:31:29,400.0000,360.0000,387.5000,361.6400,10.5100
2026-08-19 16:00:29,400.0000,360.0000,387.5000,362.8200,10.6400
2026-08-19 16:30:35,400.0000,360.0000,387.5000,363.7800,10.4600
2026-08-19 17:00:35,400.0000,360.0000,387.5000,364.3200,10.4500
2026-08-19 17:30:33,400.0000,360.0000,387.5000,364.5000,10.5200
2026-08-19 17:49:36,400.0000,360.0000,387.5000,363.9500,10.4300
2026-08-19 18:00:28,400.0000,360.0000,387.5000,364.8400,10.4400
2026-08-19 18:30:25,400.0000,360.0000,387.5000,362.7700,10.5200
2026-08-19 19:00:24,400.0000,360.0000,387.5000,365.0700,10.3300
2026-08-19 19:30:24,400.0000,360.0000,387.5000,364.8800,10.4400
2026-08-19 20:00:27,400.0000,360.0000,387.5000,363.2100,10.4800
2026-08-20 12:25:43,400.0000,360.0000,387.5000,363.1000,10.2400
2026-08-20 13:00:11,400.0000,360.0000,387.5000,361.7900,9.8300
2026-08-20 13:30:22,400.0000,360.0000,387.5000,364.1000,10.3800
2026-08-20 14:00:20,400.0000,360.0000,387.5000,366.4500,11.2800
2026-08-20 14:30:22,400.0000,360.0000,382.5000,364.8100,10.6100
2026-08-20 15:00:24,400.0000,360.0000,387.5000,365.9200,10.5300
2026-08-20 15:30:22,400.0000,360.0000,382.5000,364.9600,9.2600
2026-08-20 16:00:26,400.0000,360.0000,382.5000,363.5600,9.8500
2026-08-20 16:30:29,400.0000,360.0000,382.5000,363.4900,10.0000
2026-08-20 17:00:25,400.0000,360.0000,382.5000,363.8300,9.5600
22026-08-20 17:30:28,400.0000,360.0000,382.5000,363.1100,8.5900
2026-08-20 18:00:31,400.0000,360.0000,382.5000,364.2900,9.0000
2026-08-20 18:30:28,400.0000,360.0000,382.5000,364.9800,10.1100
2026-08-20 19:00:23,400.0000,360.0000,382.5000,363.4900,9.9800
2026-08-20 19:12:48,400.0000,360.0000,382.5000,363.6300,9.9400
2026-08-20 19:18:56,400.0000,360.0000,382.5000,363.6100,10.0
2026-09-24 17:30:19,375.0000,350.0000,360.0000,366.1200,8.7100

2026-08-21 11:24:07,377.5000,360.0000,367.5000,369.1000,11.2000
2026-08-21 13:00:09,377.5000,360.0000,367.5000,368.5000,11.0900
2026-08-21 13:30:23,377.5000,360.0000,367.5000,369.4300,11.2000
2026-08-21 14:00:22,377.5000,370.0000,372.5000,373.2300,15.0500
2026-08-21 14:30:16,367.5000,360.0000,367.5000,366.6100,13.5700
2026-08-21 15:00:17,372.5000,360.0000,367.5000,368.1900,13.3700
2026-08-21 15:30:20,372.5000,365.0000,367.5000,367.9400,12.1000
2026-08-21 16:00:22,372.5000,365.0000,367.5000,368.7400,10.2300
2026-08-21 16:30:24,367.5000,365.0000,367.5000,367.4700,12.7200
2026-08-21 17:00:23,367.5000,365.0000,367.5000,366.6700,13.5900
2026-08-21 17:30:21,367.5000,365.0000,367.5000,366.5500,12.1400
2026-08-21 18:00:26,367.5000,365.0000,367.5000,365.8900,12.7600
2026-08-21 18:30:30,367.5000,365.0000,367.5000,366.5600,13.5100
2026-08-21 19:00:30,367.5000,365.0000,367.5000,366.1200,14.1900
2026-08-21 19:30:31,367.5000,365.0000,367.5000,367.4700,18.6300
2026-08-21 20:00:30,372.5000,365.0000,367.5000,368.3100,29.5200
2026-08-24 04:00:09,380.0000,360.0000,367.5000,369.0000,9.5100
2026-08-24 06:42:28,380.0000,360.0000,367.5000,369.0000,9.5100
2026-08-24 13:00:14,375.0000,360.0000,367.5000,364.1100,9.4300
2026-08-24 13:30:28,375.0000,360.0000,367.5000,364.0000,9.4300
2026-08-24 14:00:28,375.0000,360.0000,367.5000,361.3700,11.1300
2026-08-24 14:30:30,375.0000,360.0000,367.5000,362.2700,10.4800
2026-08-24 15:00:28,375.0000,360.0000,367.5000,363.0500,10.0500
2026-08-24 15:30:29,375.0000,360.0000,367.5000,361.7600,10.2100
2026-08-24 16:00:33,375.0000,360.0000,367.5000,361.8800,10.2300
2026-08-24 16:30:28,375.0000,360.0000,367.5000,362.9500,10.3300
2026-08-24 17:00:25,375.0000,360.0000,367.5000,361.4800,10.3000
2026-08-24 17:30:28,375.0000,360.0000,367.5000,361.9000,10.2500
2026-08-24 18:00:29,375.0000,360.0000,367.5000,360.8800,10.2000
2026-08-24 18:30:28,375.0000,360.0000,367.5000,361.2300,10.3700
2026-08-24 19:00:25,375.0000,360.0000,367.5000,361.2200,10.4100
2026-08-24 19:30:21,375.0000,360.0000,367.5000,361.0100,10.3500
2026-08-24 20:00:24,375.0000,355.0000,367.5000,359.5900,10.3400
2026-08-25 18:51:37,370.0000,345.0000,367.5000,356.4800,10.3300
2026-08-25 19:00:35,370.0000,345.0000,367.5000,357.1700,10.4900
2026-08-25 19:35:00,370.0000,345.0000,367.5000,355.8100,10.7400
2026-08-25 20:00:33,370.0000,345.0000,367.5000,356.2000,10.6000
2026-08-26 13:22:12,370.0000,345.0000,362.5000,356.1500,10.5200
2026-08-26 13:30:22,370.0000,345.0000,362.5000,356.3700,10.5300
2026-08-26 14:00:20,370.0000,345.0000,362.5000,357.9900,11.4300
2026-08-26 14:30:20,370.0000,345.0000,362.5000,352.6500,10.7900
2026-08-26 15:00:19,370.0000,345.0000,362.5000,351.8100,10.5700
2026-08-26 15:30:24,370.0000,345.0000,362.5000,352.0000,10.3500
2026-08-26 16:00:25,370.0000,345.0000,362.5000,351.7900,10.5400
2026-08-26 16:30:21,370.0000,345.0000,362.5000,350.7400,10.5900
2026-08-26 17:00:23,370.0000,345.0000,362.5000,350.7300,10.7000
2026-08-26 17:30:22,370.0000,345.0000,362.5000,352.2100,10.5800
2026-08-26 18:00:29,370.0000,345.0000,362.5000,352.8700,10.9500
2026-08-26 18:30:32,370.0000,345.0000,362.5000,353.5000,11.3300
2026-08-26 19:00:30,370.0000,345.0000,362.5000,354.2000,11.6600
2026-08-26 19:30:30,370.0000,345.0000,362.5000,354.5100,11.6600
2026-08-26 20:00:27,370.0000,345.0000,362.5000,353.2100,11.8400
2026-08-27 04:53:48,370.0000,345.0000,362.5000,362.0000,12.7400
2026-08-27 13:00:12,370.0000,345.0000,362.5000,361.1800,12.3200
2026-08-27 13:30:27,370.0000,345.0000,362.5000,360.5800,12.2900
2026-08-27 14:00:27,380.0000,355.0000,362.5000,366.2000,13.3000
2026-08-27 14:30:26,380.0000,355.0000,362.5000,367.1500,12.4500
2026-08-27 15:00:26,370.0000,355.0000,362.5000,367.1500,11.7800
2026-08-27 15:30:24,370.0000,355.0000,362.5000,368.2400,11.6500
2026-08-27 16:00:22,370.0000,355.0000,362.5000,367.3500,11.1600
2026-08-27 16:30:20,370.0000,355.0000,362.5000,367.8900,11.6900
2026-08-27 17:00:25,380.0000,355.0000,362.5000,369.3100,11.5100
2026-08-27 17:30:25,380.0000,355.0000,362.5000,370.1500,12.0400
2026-08-27 18:00:25,380.0000,355.0000,362.5000,368.7300,12.5500
2026-08-27 18:30:31,370.0000,355.0000,362.5000,367.2500,12.7500
2026-08-27 19:00:31,380.0000,355.0000,362.5000,368.5500,13.4500
2026-08-27 19:30:32,380.0000,355.0000,362.5000,369.2100,13.3800
2026-08-27 20:00:30,380.0000,355.0000,362.5000,369.5100,13.5100
2026-08-28 07:45:12,380.0000,355.0000,362.5000,371.0000,13.2800
202
2026-09-22 18:00:25,365.0000,350.0000,360.0000,363.8700,8.7300
-08-28 14:00:20,380.0000,367.5000,370.0000,375.1800,14.8500
2026-08-28 14:30:28,375.0000,367.5000,370.0000,370.7500,13.3500
2026-08-28 15:00:28,375.0000,367.5000,370.0000,372.4200,10.1400
2026-08-28 15:30:22,375.0000,367.5000,370.0000,372.3100,12.0200
2026-08-28 16:00:22,375.0000,367.5000,370.0000,371.3900,10.7600
2026-08-28 16:30:21,370.0000,362.5000,370.0000,367.0100,11.2100
2026-08-28 17:00:24,370.0000,362.5000,370.0000,365.8600,13.6600
2026-08-28 17:30:25,370.0000,362.5000,370.0000,366.3500,10.1600
2026-08-28 18:00:22,370.0000,362.5000,370.0000,367.2300,16.5000
2026-08-28 18:30:24,370.0000,367.5000,370.0000,368.3300,14.7700
2026-08-28 19:00:25,370.0000,367.5000,370.0000,368.5600,17.8200
2026-08-28 19:30:26,370.0000,362.5000,370.0000,367.3900,24.6000
2026-08-28 20:00:29,370.0000,367.5000,370.0000,368.4700,27.8900
2026-08-31 04:00:09,370.0000,340.0000,367.5000,369.1200,17.0400
2026-08-31 09:56:29,375.0000,340.0000,365.0000,370.4000,17.1200
2026-08-31 10:35:35,375.0000,340.0000,365.0000,370.4000,17.1200
2026-08-31 13:00:13,375.0000,340.0000,365.0000,365.3400,16.7800
2026-08-31 13:30:29,375.0000,340.0000,367.5000,366.9900,16.8900
2026-08-31 13:41:04,375.0000,340.0000,367.5000,368.2800,16.9500
