time,open,high,low,close,volume
2026-04-28 20:00:34,355.0000,327.5000,340.0000,350.2900,17.1500
2026-04-29 05:28:46,355.0000,327.5000,340.0000,350.1700,17.2200
2026-04-29 08:40:05,355.0000,327.5000,340.0000,350.1700,17.2200
2026-04-29 08:44:34,355.0000,327.5000,340.0000,350.1700,17.2200
2026-04-29 08:46:40,355.0000,327.5000,340.0000,350.1700,17.2200
2026-04-29 08:50:31,355.0000,327.5000,340.0000,350.1700,17.2200
2026-04-29 13:00:16,355.0000,337.5000,345.0000,347.8700,17.0900
2026-04-29 13:30:32,355.0000,337.5000,345.0000,348.7200,17.1300
2026-04-29 14:00:31,355.0000,337.5000,345.0000,348.5800,20.1000
2026-04-29 14:30:30,355.0000,337.5000,345.0000,352.0700,19.6500
2026-04-29 15:00:26,355.0000,337.5000,345.0000,354.9000,19.8300
2026-04-29 15:30:28,355.0000,337.5000,345.0000,351.6100,19.7100
2026-04-29 16:00:31,355.0000,337.5000,345.0000,352.2000,19.6000
2026-04-29 16:30:29,355.0000,337.5000,345.0000,350.3800,19.7400
2026-04-29 17:00:31,355.0000,337.5000,345.0000,348.5400,19.7000
2026-04-29 17:30:33,355.0000,337.5000,345.0000,348.2100,20.1200
2026-04-29 18:00:36,355.0000,337.5000,345.0000,349.0700,19.9300
2026-04-29 18:30:35,355.0000,337.5000,345.0000,349.2200,20.5400
2026-04-29 19:00:31,355.0000,337.5000,345.0000,349.2500,20.3800
2026-04-29 19:30:30,355.0000,337.5000,345.0000,351.1100,20.1200
2026-04-29 20:00:25,355.0000,337.5000,345.0000,350.5300,19.9100
2026-04-30 05:24:49,380.0000,337.5000,345.0000,375.2900,22.4300
2026-04-30 13:43:13,377.5000,100.0000,nan,375.7800,nan
2026-04-30 14:00:28,370.0000,342.5000,345.0000,368.0200,11.2300
2026-04-30 14:30:31,370.0000,342.5000,345.0000,369.8500,10.8200
2026-04-30 15:00:30,370.0000,342.5000,345.0000,367.7300,10.3100
2026-04-30 15:30:23,380.0000,342.5000,345.0000,377.5400,9.6300
2026-04-30 15:43:14,380.0000,342.5000,345.0000,376.1700,10.5800
2026-04-30 16:00:31,375.0000,342.5000,345.0000,374.2500,10.3700
2026-04-30 16:06:52,375.0000,342.5000,345.0000,374.6700,10.6900
2026-04-30 16:21:10,375.0000,342.5000,345.0000,374.6200,10.0900
2026-04-30 16:30:47,380.0000,342.5000,345.0000,377.1300,10.1500
2026-04-30 16:55:09,380.0000,342.5000,345.0000,377.0600,10.3000
2026-04-30 17:00:30,380.0000,342.5000,345.0000,377.4400,10.2000
2026-04-30 17:08:30,380.0000,342.5000,345.0000,378.0300,10.3100
2026-04-30 17:17:56,380.0000,342.5000,345.0000,379.6600,11.0100
2026-04-30 17:30:30,385.0000,342.5000,345.0000,383.2500,11.0600
2026-04-30 17:48:10,385.0000,342.5000,345.0000,382.9500,10.6200
2026-04-30 18:00:27,385.0000,342.5000,345.0000,383.0100,10.9700
2026-04-30 18:30:26,385.0000,342.5000,345.0000,384.5300,10.6100
2026-04-30 19:00:28,385.0000,342.5000,345.0000,382.8300,9.7000
2026-04-30 19:30:32,385.0000,342.5000,345.0000,382.8100,10.2700
2026-04-30 20:00:26,385.0000,342.5000,345.0000,382.4200,10.3000
2026-04-30 20:29:45,385.0000,327.5000,345.0000,384.5000,9.1600
2026-05-01 12:44:59,390.0000,327.5000,350.0000,384.0500,7.6100
2026-05-01 13:00:22,390.0000,327.5000,350.0000,383.8400,7.6000
2026-05-01 13:30:20,390.0000,327.5000,350.0000,383.9400,7.6200
2026-05-01 14:00:22,390.0000,327.5000,350.0000,381.1700,7.4100
2026-05-01 14:30:24,390.0000,332.5000,350.0000,383.5300,7.2000
2026-05-01 15:00:22,390.0000,332.5000,350.0000,383.1900,7.2500
2026-05-01 15:30:22,390.0000,327.5000,350.0000,383.8000,7.1600
2026-05-01 16:00:25,390.0000,327.5000,350.0000,385.3600,7.0900
2026-05-01 16:30:29,390.0000,327.5000,350.0000,384.2700,7.1200
2026-05-01 17:00:25,390.0000,332.5000,350.0000,384.3800,7.0300
2026-05-01 17:30:23,390.0000,327.5000,350.0000,385.4600,7.1000
2026-05-01 18:00:24,390.0000,327.5000,350.0000,385.3100,7.0200
2026-05-01 18:30:24,390.0000,327.5000,350.0000,384.6400,6.9700
2026-05-01 19:00:24,390.0000,327.5000,350.0000,383.9100,6.9900
2026-05-01 19:30:26,390.0000,332.5000,350.0000,384.5400,7.0600
2026-05-01 20:00:27,390.0000,327.5000,350.0000,385.4500,6.9700
2026-05-04 04:00:10,390.0000,327.5000,350.0000,385.3400,6.9900
2026-05-04 07:25:34,390.0000,327.5000,350.0000,385.3400,6.9900
2026-05-04 13:00:13,390.0000,327.5000,365.0000,386.0400,7.0000
2026-05-04 13:23:48,390.0000,327.5000,365.0000,385.6300,6.9900
2026-05-04 13:30:30,390.0000,327.5000,365.0000,385.2900,6.9800
2026-05-04 14:00:24,390.0000,327.5000,365.0000,383.2200,7.3300
2026-05-04 14:30:22,390.0000,327.5000,365.0000,382.0700,7.2900
2026-05-04 15:00:27,390.0000,327.5000,365.0000,382.9700,7.2800
2026-05-04 15:07:23,390.0000,327.5000,365.0000,383.1500,7.2600
2026-05-04 16:27:45,390.0000,327.5000,365.0000,382.3800,7.5600
2026-05-04 16:30:33,390.0000,332.5000,365.0000,381.8700,7.4900
2026-05-04 17:00:29,390.0000,327.5000,365.0000,383.0600,7.4800
2026-05-04 17:30:29,390.0000,327.5000,365.0000,383.4700,7.4900
2026-05-04 18:00:32,390.0000,327.5000,365.0000,383.9200,7.3400
2026-05-04 18:30:33,390.0000,327.5000,365.0000,384.2800,7.3400
2026-05-04 19:00:35,390.0000,327.5000,365.0000,383.5100,7.3300
2026-05-04 19:30:31,390.0000,327.5000,365.0000,382.8700,7.3000
2026-05-04 20:00:29,390.0000,332.5000,365.0000,382.7600,7.1900
2026-05-05 06:54:00,390.0000,332.5000,365.0000,382.8600,7.2100
2026-05-05 13:00:14,390.0000,332.5000,365.0000,384.7200,7.2100
2026-05-05 13:30:28,390.0000,332.5000,365.0000,384.3100,7.2000
2026-05-05 14:00:27,400.0000,327.5000,365.0000,391.5000,7.6200
2026-05-05 14:30:22,390.0000,327.5000,365.0000,387.5100,7.5600
2026-05-05 15:00:25,390.0000,327.5000,365.0000,388.7400,7.6300
2026-05-05 15:30:31,390.0000,327.5000,365.0000,388.4100,7.6400
2026-05-05 16:00:31,390.0000,327.5000,365.0000,389.2900,7.6800
2026-05-05 16:30:28,390.0000,327.5000,365.0000,388.1900,7.6800
2026-05-05 17:00:31,390.0000,332.5000,365.0000,387.1800,7.5900
2026-05-05 17:30:33,390.0000,332.5000,365.0000,385.8600,7.5300
2026-05-05 18:00:26,390.0000,332.5000,365.0000,385.8200,7.6100
2026-05-05 18:30:29,390.0000,327.5000,365.0000,386.5000,7.5500
2026-05-05 19:00:37,390.0000,327.5000,365.0000,386.4000,7.5900
2026-05-05 19:30:37,390.0000,327.5000,365.0000,386.7500,7.5200
2026-05-05 20:00:33,390.0000,332.5000,365.0000,387.4600,7.5000
2026-05-06 09:21:43,400.0000,327.5000,365.0000,394.7000,7.5500
2026-05-06 13:00:17,400.0000,327.5000,365.0000,395.2400,7.4900
2026-05-06 13:30:35,400.0000,327.5000,365.0000,394.2700,7.5300
2026-05-06 14:00:27,400.0000,327.5000,365.0000,395.6800,7.8600
2026-05-06 14:30:27,400.0000,327.5000,365.0000,395.5500,7.7200
2026-05-06 15:00:34,400.0000,327.5000,365.0000,396.2600,7.6800
2026-05-06 15:30:26,400.0000,327.5000,365.0000,395.9200,7.6200
2026-05-06 16:00:24,400.0000,327.5000,365.0000,396.4400,7.7100
2026-05-06 16:30:25,400.0000,332.5000,365.0000,399.0500,7.9600
2026-05-06 17:00:29,400.0000,332.5000,365.0000,398.4600,7.9600
2026-05-06 17:30:34,400.0000,332.5000,365.0000,399.1600,7.8400
2026-05-06 18:00:34,400.0000,332.5000,365.0000,397.3200,7.5700
2026-05-06 18:30:37,400.0000,332.5000,365.0000,396.7000,7.4500
2026-05-06 19:00:32,400.0000,332.5000,365.0000,395.9600,7.3500
2026-05-06 19:30:31,400.0000,332.5000,365.0000,396.3000,7.4800
2026-05-06 20:00:34,400.0000,332.5000,365.0000,396.4600,7.6400
2026-05-07 13:00:14,405.0000,387.5000,395.0000,402.2700,7.5700
2026-05-07 13:30:30,405.0000,387.5000,395.0000,401.5500,7.5800
2026-05-07 14:00:32,400.0000,387.5000,395.0000,397.6200,7.7900
2026-05-07 14:30:33,400.0000,387.5000,395.0000,396.9200,7.6000
2026-05-07 15:00:35,400.0000,387.5000,395.0000,395.9200,7.5300
2026-05-07 15:30:33,400.0000,387.5000,395.0000,396.1400,7.3600
2026-05-07 16:00:26,400.0000,387.5000,395.0000,395.9700,7.4100
2026-05-07 16:30:28,400.0000,387.5000,395.0000,394.2900,7.5000
2026-05-07 17:00:36,400.0000,387.5000,395.0000,394.3100,7.5100
2026-05-07 17:30:12,400.0000,387.5000,395.0000,394.6400,7.6300
2026-05-07 17:31:30,400.0000,387.5000,395.0000,394.5100,7.6400
2026-05-07 18:00:35,400.0000,387.5000,395.0000,396.3800,7.6200
2026-05-07 18:07:22,400.0000,387.5000,395.0000,395.8200,7.5400
2026-05-07 18:30:28,400.0000,387.5000,395.0000,396.5800,7.4900
2026-05-07 19:00:29,400.0000,387.5000,395.0000,397.0200,7.4300
2026-05-07 19:30:33,400.0000,387.5000,395.0000,396.0500,7.5200
2026-05-07 20:00:33,400.0000,387.5000,395.0000,396.8000,7.6500
2026-05-08 09:00:54,400.0000,387.5000,395.0000,396.9500,7.5600
2026-05-08 13:00:16,400.0000,387.5000,395.0000,398.4500,7.5800
2026-05-08 13:30:33,400.0000,387.5000,395.0000,396.8700,7.5600
2026-05-08 14:00:33,400.0000,387.5000,395.0000,398.7600,7.5700
2026-05-08 14:30:34,405.0000,387.5000,395.0000,400.6900,7.3600
2026-05-08 15:00:35,405.0000,387.5000,395.0000,400.5500,7.4000
2026-05-08 15:30:31,400.0000,387.5000,395.0000,398.9500,7.3300
2026-05-08 16:00:26,400.0000,387.5000,395.0000,399.1400,7.4200
2026-05-08 16:30:30,400.0000,387.5000,395.0000,399.1200,7.3900
2026-05-08 17:00:35,400.0000,387.5000,395.0000,397.7500,7.2900
2026-05-08 17:30:36,400.0000,387.5000,395.0000,397.5100,7.2900
2026-05-08 18:00:32,400.0000,387.5000,395.0000,397.8200,7.4100
2026-05-08 18:30:26,400.0000,387.5000,395.0000,399.0400,7.3100
2026-05-08 19:00:29,400.0000,387.5000,395.0000,398.8000,7.2600
2026-05-08 19:30:34,400.0000,387.5000,395.0000,399.0600,7.2200
2026-05-08 20:00:31,405.0000,387.5000,395.0000,400.5700,7.1300
2026-05-11 07:07:39,400.0000,387.5000,395.0000,399.5000,7.0400
2026-05-11 09:32:45,400.0000,387.5000,395.0000,398.6900,7.0300
2026-05-11 13:00:17,400.0000,387.5000,395.0000,396.4300,6.9900
2026-05-11 13:30:32,400.0000,387.5000,395.0000,396.1600,6.9800
2026-05-11 14:00:32,400.0000,387.5000,395.0000,397.3500,8.5100
2026-05-11 14:16:37,400.0000,387.5000,395.0000,395.9200,8.4800
2026-05-11 14:30:34,400.0000,387.5000,395.0000,394.7100,8.4300
2026-05-11 15:00:34,400.0000,387.5000,395.0000,394.1700,8.5600
2026-05-11 15:30:32,400.0000,387.5000,395.0000,393.8000,8.2300
2026-05-11 15:41:05,400.0000,387.5000,395.0000,393.2300,8.1800
2026-05-11 16:00:32,400.0000,387.5000,395.0000,394.0100,8.3500
2026-05-11 16:30:33,400.0000,387.5000,395.0000,393.9200,8.4500
2026-05-11 17:00:34,400.0000,387.5000,395.0000,393.9200,8.4900
2026-05-11 17:30:33,400.0000,387.5000,395.0000,393.1200,8.3000
2026-05-11 18:00:26,400.0000,387.5000,395.0000,393.6300,8.5500
2026-05-11 18:30:29,400.0000,387.5000,395.0000,393.0800,8.4100
2026-05-11 19:00:35,400.0000,387.5000,390.0000,391.7300,8.2300
2026-05-11 19:30:34,400.0000,387.5000,390.0000,391.0100,8.4100
2026-05-11 20:00:33,400.0000,387.5000,390.0000,389.8900,8.1900
2026-05-12 09:38:35,400.0000,387.5000,390.0000,389.3900,8.2900
2026-05-12 12:18:20,400.0000,382.5000,385.0000,385.0000,8.2600
2026-05-12 13:00:16,400.0000,382.5000,385.0000,384.5100,8.2500
2026-05-12 13:30:30,400.0000,387.5000,390.0000,389.1200,8.2800
2026-05-12 14:00:31,400.0000,387.5000,390.0000,387.6200,8.6400
2026-05-12 14:22:57,400.0000,382.5000,385.0000,385.7700,8.6300
2026-05-12 14:30:32,400.0000,382.5000,385.0000,386.2300,8.5900
2026-05-12 14:37:05,400.0000,382.5000,385.0000,387.1600,8.4700
2026-05-12 15:00:38,400.0000,382.5000,385.0000,386.0500,7.8100
2026-05-12 15:30:35,400.0000,387.5000,390.0000,387.6500,8.4100
2026-05-12 16:00:30,400.0000,387.5000,390.0000,387.7300,8.3600
2026-05-12 16:30:30,400.0000,382.5000,385.0000,386.3300,8.2500
2026-05-12 16:52:38,400.0000,372.5000,385.0000,384.5600,8.2400
2026-05-12 17:00:35,400.0000,372.5000,385.0000,384.0200,8.4200
2026-05-12 17:30:32,400.0000,372.5000,385.0000,382.9600,8.3800
2026-05-12 17:32:27,400.0000,372.5000,385.0000,383.1800,8.2200
2026-05-12 18:00:32,400.0000,382.5000,385.0000,384.7700,8.1600
2026-05-12 18:30:33,400.0000,382.5000,385.0000,384.9600,8.2000
2026-05-12 19:00:30,400.0000,382.5000,385.0000,385.1700,8.3000
2026-05-12 19:30:30,400.0000,382.5000,385.0000,385.6200,8.1700
2026-05-12 20:00:29,400.0000,382.5000,385.0000,387.4800,8.1600
2026-05-13 09:16:45,400.0000,387.5000,390.0000,387.9700,8.3300
2026-05-13 09:32:08,400.0000,387.5000,390.0000,387.8500,8.3300
2026-05-13 10:42:00,400.0000,387.5000,390.0000,388.3500,8.3700
2026-05-13 13:00:14,400.0000,387.5000,390.0000,387.5000,8.3200
2026-05-13 13:30:29,400.0000,387.5000,390.0000,387.5900,8.3300
2026-05-13 14:00:37,400.0000,387.5000,390.0000,388.2900,8.8000
2026-05-13 14:30:38,400.0000,387.5000,390.0000,392.7000,9.3600
2026-05-13 15:00:32,400.0000,387.5000,390.0000,394.7600,8.9100
2026-05-13 15:15:10,400.0000,387.5000,390.0000,396.6300,9.3800
2026-05-13 15:24:37,400.0000,387.5000,390.0000,397.1200,9.1500
2026-05-13 15:30:33,400.0000,387.5000,390.0000,396.9500,9.0100
2026-05-13 15:46:50,400.0000,387.5000,390.0000,397.7000,9.1800
2026-05-13 15:50:21,400.0000,387.5000,390.0000,398.0900,9.2900
2026-05-13 15:56:35,400.0000,387.5000,390.0000,397.6000,9.2600
2026-05-13 16:00:33,400.0000,387.5000,390.0000,397.8300,9.3800
2026-05-13 16:21:04,400.0000,387.5000,390.0000,398.3300,9.0700
2026-05-13 16:24:02,400.0000,387.5000,390.0000,398.3900,9.0400
2026-05-13 16:29:27,400.0000,387.5000,390.0000,398.7300,8.4800
2026-05-13 16:30:43,400.0000,387.5000,390.0000,399.1900,8.5200
2026-05-13 16:32:18,400.0000,387.5000,390.0000,399.2900,8.5600
2026-05-13 16:44:06,405.0000,387.5000,390.0000,400.2600,9.2000
2026-05-13 16:46:07,405.0000,387.5000,390.0000,400.1300,9.0700
2026-05-13 16:49:26,405.0000,387.5000,390.0000,400.2300,9.2300
2026-05-13 16:55:21,400.0000,387.5000,390.0000,399.6700,8.9300
2026-05-13 17:00:32,405.0000,387.5000,390.0000,400.2700,9.0300
2026-05-13 17:18:59,405.0000,387.5000,390.0000,401.5400,9.3300
2026-05-13 17:22:00,405.0000,387.5000,390.0000,401.7100,9.2600
2026-05-13 17:30:34,405.0000,387.5000,390.0000,401.6600,9.2800
2026-05-13 17:35:59,405.0000,387.5000,390.0000,401.5200,9.0400
2026-05-13 18:00:32,405.0000,387.5000,390.0000,401.5100,9.1500
2026-05-13 18:30:31,405.0000,387.5000,390.0000,402.8300,9.1800
2026-05-13 19:00:31,405.0000,387.5000,390.0000,402.4300,9.0600
2026-05-13 19:30:31,405.0000,387.5000,390.0000,402.6500,9.2100
2026-05-13 20:00:33,405.0000,387.5000,390.0000,402.5900,8.9500
2026-05-13 20:14:52,405.0000,387.5000,390.0000,402.6800,9.0400
2026-05-14 06:35:24,405.0000,387.5000,390.0000,403.7000,9.1900
2026-05-14 10:21:34,405.0000,387.5000,390.0000,402.8400,9.1700
2026-05-14 12:46:17,405.0000,387.5000,390.0000,401.7200,9.0800
2026-05-14 13:00:54,405.0000,387.5000,390.0000,401.6900,9.0700
2026-05-14 13:30:46,400.0000,387.5000,390.0000,400.0000,8.6100
2026-05-14 14:00:32,400.0000,387.5000,390.0000,398.6300,9.5800
2026-05-14 14:30:31,400.0000,387.5000,390.0000,398.0200,10.0100
2026-05-14 14:54:14,400.0000,387.5000,390.0000,397.1100,9.3900
2026-05-14 15:00:33,400.0000,387.5000,390.0000,396.9000,10.0300
2026-05-14 15:30:34,400.0000,387.5000,390.0000,397.5000,10.0400
2026-05-14 16:00:34,400.0000,387.5000,390.0000,399.6200,9.4300
2026-05-14 16:30:34,405.0000,387.5000,390.0000,400.9700,9.4200
2026-05-14 17:00:34,400.0000,387.5000,390.0000,399.2900,10.1000
2026-05-14 17:30:34,400.0000,387.5000,390.0000,399.4200,9.6700
2026-05-14 18:00:33,405.0000,387.5000,390.0000,402.0400,10.0000
2026-05-14 18:30:30,405.0000,387.5000,390.0000,400.6100,9.4500
2026-05-14 19:00:30,405.0000,387.5000,390.0000,400.0100,9.0400
2026-05-14 19:30:33,405.0000,387.5000,390.0000,400.5700,9.3500
2026-05-14 20:00:34,405.0000,387.5000,390.0000,400.9600,8.8700
2026-05-15 10:00:39,400.0000,390.0000,400.0000,394.2400,9.3300
2026-05-15 10:02:36,400.0000,390.0000,400.0000,394.2900,9.3400
2026-05-15 10:52:44,400.0000,390.0000,400.0000,394.6000,9.3400
2026-05-15 13:00:17,400.0000,390.0000,400.0000,393.7000,9.3200
2026-05-15 13:02:36,400.0000,390.0000,400.0000,393.7200,9.3900
2026-05-15 13:30:32,400.0000,390.0000,400.0000,392.8300,9.3300
2026-05-15 14:00:33,400.0000,395.0000,400.0000,395.5800,14.1600
2026-05-15 14:30:35,400.0000,395.0000,400.0000,398.8300,14.5400
2026-05-15 15:00:35,400.0000,395.0000,400.0000,397.6600,12.5600
2026-05-15 15:30:34,400.0000,395.0000,400.0000,398.0600,12.3500
2026-05-15 16:00:35,400.0000,395.0000,400.0000,396.2900,11.7600
2026-05-15 16:30:34,400.0000,395.0000,400.0000,396.0800,13.5800
2026-05-15 16:43:53,400.0000,395.0000,400.0000,397.1700,12.8800
2026-05-15 17:00:38,400.0000,395.0000,400.0000,396.6700,12.6700
2026-05-15 17:30:07,400.0000,395.0000,400.0000,397.2000,15.6300
2026-05-15 17:31:20,400.0000,395.0000,400.0000,397.2600,14.4600
2026-05-15 18:00:30,400.0000,395.0000,400.0000,397.2900,10.6200
2026-05-15 18:30:32,400.0000,395.0000,400.0000,397.2100,15.9200
2026-05-15 19:00:31,400.0000,395.0000,400.0000,395.8600,16.9200
2026-05-15 19:30:27,400.0000,395.0000,400.0000,396.1900,15.5900
2026-05-15 20:00:28,400.0000,395.0000,400.0000,396.5600,21.2200
2026-05-18 13:00:16,410.0000,360.0000,395.0000,395.0500,8.8800
2026-05-18 13:30:31,410.0000,360.0000,395.0000,396.0500,8.9200
2026-05-18 14:00:29,410.0000,360.0000,395.0000,401.4400,11.7900
2026-05-18 14:30:31,410.0000,360.0000,395.0000,406.5700,11.4100
2026-05-18 15:00:33,410.0000,360.0000,395.0000,405.1000,11.5600
2026-05-18 15:30:27,410.0000,360.0000,395.0000,404.2700,11.5000
2026-05-18 16:00:19,410.0000,360.0000,395.0000,402.6500,11.2600
2026-05-18 16:30:24,410.0000,360.0000,395.0000,401.4800,11.1900
2026-05-18 17:00:28,410.0000,360.0000,395.0000,400.7500,10.8000
2026-05-18 17:30:24,410.0000,360.0000,395.0000,401.7900,11.1800
2026-05-18 18:00:28,410.0000,360.0000,395.0000,401.5500,11.0900
2026-05-18 18:30:31,410.0000,360.0000,395.0000,399.9500,11.0300
2026-05-18 19:00:31,410.0000,360.0000,395.0000,397.8600,11.1700
2026-05-18 19:30:31,410.0000,360.0000,395.0000,398.3000,11.0700
2026-05-18 20:00:29,410.0000,360.0000,395.0000,397.7700,11.2100
2026-05-19 13:00:15,410.0000,390.0000,400.0000,398.9000,11.1700
2026-05-19 13:30:30,410.0000,390.0000,400.0000,400.2700,11.3300
2026-05-19 14:00:31,402.5000,390.0000,400.0000,390.4200,12.0100
2026-05-19 14:30:33,402.5000,390.0000,400.0000,392.4700,12.0000
2026-05-19 15:00:31,402.5000,377.5000,385.0000,389.6500,11.5400
2026-05-19 15:30:30,402.5000,377.5000,400.0000,388.7400,11.4200
2026-05-19 16:00:32,402.5000,377.5000,400.0000,387.6000,11.2700
2026-05-19 16:30:36,402.5000,377.5000,400.0000,386.3900,11.4900
2026-05-19 17:00:36,402.5000,377.5000,400.0000,387.4900,11.3400
2026-05-19 17:30:33,402.5000,390.0000,385.0000,391.6600,11.6300
2026-05-19 18:00:32,402.5000,390.0000,400.0000,390.0400,11.2300
2026-05-19 18:30:31,402.5000,390.0000,400.0000,391.1800,10.5100
2026-05-19 19:00:27,402.5000,377.5000,400.0000,389.9000,10.3900
2026-05-19 19:30:27,402.5000,377.5000,400.0000,389.3600,9.9900
2026-05-19 20:00:31,402.5000,377.5000,400.0000,388.5400,9.8500
2026-05-26 09:19:03,390.0000,375.0000,390.0000,382.2600,6.1800
2026-05-26 10:22:10,390.0000,375.0000,390.0000,385.6800,6.1900
2026-05-26 13:00:12,390.0000,375.0000,390.0000,383.9300,6.2200
2026-05-26 13:30:26,390.0000,375.0000,390.0000,384.2200,6.1000
2026-05-26 14:00:29,390.0000,375.0000,390.0000,384.1800,7.6800
2026-05-26 14:30:33,400.0000,380.0000,390.0000,387.5600,7.8900
2026-05-26 15:00:31,390.0000,380.0000,390.0000,385.9400,7.9000
2026-05-26 15:30:30,400.0000,380.0000,390.0000,388.0900,8.0600
2026-05-26 16:00:26,390.0000,380.0000,390.0000,386.6800,8.3500
2026-05-26 16:30:24,390.0000,380.0000,390.0000,386.8800,8.4000
2026-05-26 17:00:30,390.0000,380.0000,390.0000,386.4200,8.0400
2026-05-26 17:30:29,390.0000,380.0000,390.0000,386.1900,7.9900
2026-05-26 18:00:30,390.0000,380.0000,390.0000,386.5800,8.2900
2026-05-26 18:30:31,390.0000,380.0000,390.0000,387.0000,8.1000
2026-05-26 19:00:30,390.0000,380.0000,390.0000,385.8200,7.5900
2026-05-26 19:30:30,390.0000,380.0000,390.0000,386.3800,8.0700
2026-05-26 20:00:32,400.0000,380.0000,390.0000,388.5400,7.9900
2026-05-27 11:55:26,390.0000,380.0000,387.5000,387.2100,7.8800
2026-05-27 13:00:10,390.0000,380.0000,387.5000,387.0100,7.8800
2026-05-27 13:30:24,390.0000,380.0000,387.5000,386.4100,7.8800
2026-05-27 14:00:30,390.0000,380.0000,387.5000,388.7600,8.5300
2026-05-27 14:30:31,400.0000,380.0000,387.5000,390.9400,8.5500
2026-05-27 15:00:33,400.0000,380.0000,387.5000,391.5900,7.8100
2026-05-27 15:30:29,400.0000,380.0000,387.5000,391.2300,8.1000
2026-05-27 16:00:23,400.0000,380.0000,387.5000,391.6900,7.8000
2026-05-27 16:30:25,400.0000,380.0000,387.5000,391.0800,8.2700
2026-05-27 17:00:28,400.0000,380.0000,387.5000,393.4300,7.8600
2026-05-27 17:30:31,400.0000,380.0000,387.5000,390.9000,7.7600
2026-05-27 18:00:31,400.0000,380.0000,387.5000,391.5100,8.1600
2026-05-27 18:30:29,400.0000,380.0000,387.5000,392.0500,8.1700
2026-05-27 19:00:28,400.0000,380.0000,387.5000,390.9200,7.7100
2026-05-27 19:30:27,400.0000,380.0000,387.5000,391.1100,7.9000
2026-05-27 20:00:28,400.0000,380.0000,387.5000,390.0200,7.6900
2026-05-28 09:08:05,390.0000,380.0000,390.0000,387.8500,7.7400
2026-05-28 13:00:12,390.0000,380.0000,390.0000,387.9700,7.7400
2026-05-28 13:30:27,390.0000,380.0000,390.0000,387.5000,7.7300
2026-05-28 14:00:31,390.0000,380.0000,390.0000,386.4500,7.2600
2026-05-28 14:30:30,390.0000,380.0000,390.0000,389.7100,8.7900
2026-05-28 15:00:28,390.0000,380.0000,390.0000,389.4800,8.2700
2026-05-28 15:30:29,400.0000,380.0000,390.0000,390.0300,8.1000
2026-05-28 15:34:56,390.0000,380.0000,390.0000,389.6800,7.1100
2026-05-28 15:45:44,390.0000,380.0000,390.0000,389.8500,8.1000
2026-05-28 15:48:08,400.0000,380.0000,390.0000,390.0600,7.8100
2026-05-28 16:00:25,400.0000,380.0000,390.0000,390.2200,7.6500
2026-05-28 16:30:27,390.0000,380.0000,390.0000,389.9500,6.8800
2026-05-28 16:59:11,390.0000,380.0000,390.0000,389.1000,7.0700
2026-05-28 17:00:24,390.0000,380.0000,390.0000,388.9800,6.8100
2026-05-28 17:30:28,390.0000,380.0000,390.0000,388.9600,8.0500
2026-05-28 18:00:31,400.0000,380.0000,390.0000,391.0100,7.9300
2026-05-28 18:30:27,400.0000,380.0000,390.0000,390.0600,7.9200
2026-05-28 19:00:26,400.0000,380.0000,390.0000,391.2100,8.2100
2026-05-28 19:20:57,400.0000,380.0000,390.0000,390.7800,7.7700
2026-05-28 19:30:28,400.0000,380.0000,390.0000,390.8500,7.4600
2026-05-28 20:00:30,400.0000,380.0000,390.0000,391.3800,8.0300
2026-05-29 05:44:50,390.0000,380.0000,390.0000,389.3000,6.2200
2026-05-29 08:47:44,390.0000,380.0000,390.0000,389.3000,6.2200
2026-05-29 13:00:15,390.0000,385.0000,387.5000,385.0600,6.3700
2026-05-29 13:30:32,390.0000,385.0000,387.5000,385.5600,6.3700
2026-05-29 14:00:26,390.0000,380.0000,387.5000,382.9600,9.6700
2026-05-29 14:30:24,390.0000,380.0000,387.5000,383.1200,9.5200
2026-05-29 15:00:31,390.0000,380.0000,387.5000,380.7000,10.2900
2026-05-29 15:30:29,390.0000,380.0000,387.5000,383.2500,12.8100
2026-05-29 16:00:26,390.0000,380.0000,387.5000,382.8800,15.6000
2026-05-29 16:30:29,390.0000,380.0000,387.5000,382.8300,11.0000
2026-05-29 17:00:27,390.0000,382.5000,387.5000,383.1900,12.2500
2026-05-29 17:30:23,390.0000,380.0000,387.5000,382.3400,11.3400
2026-05-29 18:00:21,390.0000,380.0000,387.5000,382.3700,10.8300
2026-05-29 18:30:21,390.0000,382.5000,387.5000,382.5700,11.8800
2026-05-29 19:00:29,390.0000,382.5000,387.5000,382.5500,18.1700
2026-05-29 19:30:30,390.0000,380.0000,387.5000,382.0100,12.8500
2026-05-29 20:00:31,390.0000,380.0000,387.5000,382.0600,18.2200
2026-06-01 04:00:10,390.0000,375.0000,385.0000,380.5700,6.8200
2026-06-01 07:35:38,390.0000,375.0000,385.0000,380.5700,6.8200
2026-06-01 13:00:09,390.0000,370.0000,382.5000,377.3500,6.7300
2026-06-01 13:30:21,390.0000,370.0000,382.5000,375.5300,6.6400
2026-06-01 14:00:21,390.0000,370.0000,382.5000,375.6200,8.2700
2026-06-01 14:27:47,390.0000,370.0000,382.5000,375.0400,7.9800
2026-06-01 14:30:27,390.0000,370.0000,382.5000,375.2000,7.9500
2026-06-01 15:00:24,390.0000,370.0000,382.5000,376.0500,7.8500
2026-06-01 15:30:24,390.0000,370.0000,382.5000,376.1400,7.6900
2026-06-01 15:41:46,390.0000,370.0000,382.5000,375.5400,7.8800
2026-06-01 16:00:22,390.0000,370.0000,382.5000,375.3000,7.8400
2026-06-01 16:30:22,390.0000,370.0000,382.5000,375.1400,7.8700
2026-06-01 17:00:23,390.0000,370.0000,382.5000,375.3300,7.8900
2026-06-01 17:28:36,390.0000,370.0000,382.5000,376.2400,7.9400
2026-06-01 17:30:23,390.0000,370.0000,382.5000,376.3800,7.9500
2026-06-01 18:00:25,390.0000,370.0000,382.5000,378.3300,7.9700
2026-06-01 18:30:29,390.0000,370.0000,382.5000,376.0000,8.0400
2026-06-01 19:00:27,390.0000,370.0000,382.5000,377.5100,7.9500
2026-06-01 19:30:30,390.0000,370.0000,382.5000,377.7300,7.9100
2026-06-01 20:00:26,390.0000,370.0000,382.5000,377.3200,8.1100
2026-06-02 10:56:07,390.0000,365.0000,382.5000,367.0400,8.0600
2026-06-02 13:00:15,390.0000,365.0000,382.5000,365.6000,8.1100
2026-06-02 13:30:28,390.0000,365.0000,382.5000,365.7300,7.9500
2026-06-02 14:00:29,390.0000,355.0000,377.5000,359.7900,9.0900
2026-06-02 14:30:33,390.0000,360.0000,382.5000,368.3700,9.0800
2026-06-02 15:00:31,390.0000,370.0000,382.5000,371.9200,9.1900
2026-06-02 15:30:25,390.0000,360.0000,382.5000,369.6900,8.7300
2026-06-02 16:00:25,390.0000,360.0000,382.5000,367.7000,8.9200
2026-06-02 16:30:27,390.0000,360.0000,382.5000,367.7100,8.9400
2026-06-02 17:00:27,390.0000,360.0000,382.5000,366.7200,8.6000
2026-06-02 17:30:30,390.0000,360.0000,382.5000,367.6000,8.4700
2026-06-02 18:00:29,390.0000,360.0000,377.5000,367.8900,8.5000
2026-06-02 18:30:25,390.0000,360.0000,382.5000,366.7000,8.4700
2026-06-02 19:00:29,390.0000,360.0000,382.5000,364.7600,8.5800
2026-06-02 19:30:33,390.0000,360.0000,382.5000,363.9100,8.4900
2026-06-02 20:00:33,390.0000,360.0000,377.5000,362.9300,8.5000
2026-06-03 04:54:46,390.0000,355.0000,377.5000,362.9900,8.6800
2026-06-03 13:00:09,375.0000,355.0000,367.5000,358.6400,8.5000
2026-06-03 13:30:22,375.0000,355.0000,367.5000,359.5400,8.5100
2026-06-03 14:00:21,375.0000,360.0000,367.5000,364.5000,9.7700
2026-06-03 14:30:20,375.0000,360.0000,367.5000,363.8100,9.1900
2026-06-03 15:00:27,375.0000,360.0000,367.5000,362.7300,9.1200
2026-06-03 15:30:25,375.0000,355.0000,367.5000,359.8700,8.9400
2026-06-03 16:00:19,375.0000,355.0000,367.5000,359.6200,8.9400
2026-06-03 16:30:22,375.0000,355.0000,367.5000,359.6200,8.9000
2026-06-03 17:00:27,375.0000,355.0000,367.5000,359.5200,8.9500
2026-06-03 17:30:29,375.0000,360.0000,367.5000,360.7000,8.7100
2026-06-03 18:00:31,375.0000,360.0000,367.5000,361.8900,8.7200
2026-06-03 18:30:34,375.0000,355.0000,367.5000,359.2600,8.7300
2026-06-03 19:00:33,375.0000,360.0000,367.5000,360.2200,8.8300
2026-06-03 19:30:33,375.0000,360.0000,367.5000,360.5300,8.8800
2026-06-03 20:00:32,375.0000,355.0000,367.5000,359.3500,8.9100
2026-06-04 10:47:23,380.0000,345.0000,365.0000,360.7800,7.4700
2026-06-04 13:00:16,380.0000,345.0000,365.0000,358.9800,7.4300
2026-06-04 13:30:33,380.0000,345.0000,365.0000,358.9900,7.4400
2026-06-04 14:00:33,380.0000,360.0000,365.0000,362.5400,7.5800
2026-06-04 14:30:29,400.0000,360.0000,365.0000,366.4300,7.4800
2026-06-04 15:00:27,400.0000,360.0000,365.0000,368.5200,7.2500
2026-06-04 15:30:25,400.0000,360.0000,365.0000,368.4200,7.2700
2026-06-04 16:00:26,400.0000,360.0000,365.0000,369.2000,7.3600
2026-06-04 16:30:29,400.0000,360.0000,365.0000,371.7600,7.6000
2026-06-04 17:00:25,400.0000,360.0000,365.0000,371.6200,7.4900
2026-06-04 17:30:25,400.0000,360.0000,380.0000,372.8200,7.6700
2026-06-04 18:00:30,400.0000,360.0000,380.0000,372.5400,7.5800
2026-06-04 18:30:32,400.0000,360.0000,365.0000,372.1900,7.4900
2026-06-04 19:00:31,400.0000,360.0000,365.0000,372.4300,7.5200
2026-06-04 19:30:27,400.0000,360.0000,365.0000,370.9700,7.4000
2026-06-04 20:00:23,400.0000,360.0000,365.0000,371.9600,7.5200
2026-06-05 09:31:14,400.0000,360.0000,370.0000,370.5000,7.4300
2026-06-05 13:00:11,400.0000,360.0000,370.0000,368.9900,7.4000
2026-06-05 13:30:25,400.0000,360.0000,365.0000,367.2700,7.4000
2026-06-05 14:00:31,380.0000,360.0000,370.0000,371.0000,7.7700
2026-06-05 14:30:32,380.0000,360.0000,370.0000,371.1900,7.7200
2026-06-05 15:00:32,380.0000,360.0000,370.0000,368.2900,7.3900
2026-06-05 15:30:27,380.0000,360.0000,370.0000,369.1900,7.3700
2026-06-05 16:00:24,380.0000,360.0000,370.0000,369.1100,7.5500
2026-06-05 16:30:26,380.0000,360.0000,370.0000,369.2500,7.6600
2026-06-05 17:00:29,380.0000,360.0000,370.0000,368.7900,7.7900
2026-06-05 17:30:28,380.0000,360.0000,370.0000,369.3500,7.7100
2026-06-05 18:00:21,380.0000,360.0000,370.0000,368.8000,7.6600
2026-06-05 18:30:25,380.0000,360.0000,365.0000,367.2800,7.5700
2026-06-05 19:00:34,380.0000,360.0000,370.0000,367.9500,7.9500
2026-06-05 19:30:33,380.0000,360.0000,365.0000,365.2100,7.9400
2026-06-05 20:00:26,380.0000,360.0000,365.0000,364.7600,8.0000
2026-06-08 07:05:28,380.0000,360.0000,365.0000,364.3400,7.9800
2026-06-08 08:48:59,380.0000,360.0000,365.0000,364.3400,7.9800
2026-06-08 13:00:10,380.0000,360.0000,370.0000,367.9800,8.0600
2026-06-08 13:30:20,380.0000,360.0000,370.0000,368.3300,8.0700
2026-06-08 14:00:20,380.0000,360.0000,365.0000,364.8900,8.2300
2026-06-08 14:30:20,380.0000,360.0000,365.0000,361.2900,7.8700
2026-06-08 14:34:27,380.0000,360.0000,365.0000,361.5500,7.9100
2026-06-08 15:00:23,380.0000,360.0000,365.0000,360.9100,7.6800
2026-06-08 15:30:28,380.0000,360.0000,365.0000,363.7000,7.7700
2026-06-08 16:00:27,380.0000,360.0000,365.0000,362.7000,7.7600
2026-06-08 16:30:22,380.0000,360.0000,365.0000,362.3900,7.7500
2026-06-08 17:00:20,380.0000,360.0000,365.0000,362.5800,7.7700
2026-06-08 17:30:21,380.0000,360.0000,365.0000,361.5000,7.6800
2026-06-08 18:00:27,380.0000,360.0000,365.0000,364.3500,7.8500
2026-06-08 18:30:28,380.0000,360.0000,365.0000,364.2700,7.6900
2026-06-08 19:00:30,380.0000,360.0000,365.0000,364.2700,7.6400
2026-06-08 19:30:28,380.0000,360.0000,365.0000,363.2300,7.6300
2026-06-08 20:00:23,380.0000,360.0000,365.0000,363.2900,7.6600
2026-06-09 09:24:26,380.0000,360.0000,365.0000,364.1700,7.6200
2026-06-09 09:44:56,380.0000,360.0000,365.0000,364.7900,7.6400
2026-06-09 12:03:09,380.0000,360.0000,365.0000,365.8600,7.6600
2026-06-09 13:00:12,380.0000,360.0000,365.0000,365.9600,7.6600
2026-06-09 13:30:22,380.0000,360.0000,365.0000,365.8000,7.6500
2026-06-09 14:00:25,380.0000,360.0000,370.0000,370.4500,7.8300
2026-06-09 14:30:30,380.0000,360.0000,370.0000,367.7200,7.6200
2026-06-09 15:00:22,380.0000,360.0000,365.0000,365.8200,7.6100
2026-06-09 15:30:21,380.0000,360.0000,365.0000,364.1000,7.6700
2026-06-09 16:00:29,380.0000,360.0000,365.0000,360.1700,7.8200
2026-06-09 16:30:34,380.0000,360.0000,365.0000,360.1800,8.2400
2026-06-09 17:00:30,380.0000,345.0000,365.0000,358.1700,8.3800
2026-06-09 17:30:28,380.0000,360.0000,365.0000,362.2500,8.2300
2026-06-09 18:00:30,380.0000,360.0000,365.0000,365.1500,8.0600
2026-06-09 18:30:28,380.0000,360.0000,365.0000,364.9200,7.9500
2026-06-09 19:00:27,380.0000,360.0000,365.0000,365.1700,7.8500
2026-06-09 19:30:27,380.0000,360.0000,365.0000,365.5400,7.8000
2026-06-09 20:00:30,380.0000,360.0000,365.0000,363.2800,7.7600
2026-06-10 06:50:51,380.0000,360.0000,365.0000,364.0000,7.7900
2026-06-10 12:17:37,380.0000,360.0000,365.0000,360.2900,7.7800
2026-06-10 13:01:11,380.0000,360.0000,365.0000,361.9000,7.8000
2026-06-10 13:30:23,380.0000,360.0000,365.0000,361.8500,7.8000
2026-06-10 14:00:20,380.0000,360.0000,365.0000,366.0400,8.1400
2026-06-10 14:03:13,380.0000,360.0000,365.0000,363.4200,7.8200
2026-06-10 14:30:41,380.0000,360.0000,365.0000,366.5800,8.0400
2026-06-10 14:39:47,380.0000,360.0000,365.0000,368.3500,7.9600
2026-06-10 15:00:22,380.0000,360.0000,365.0000,364.9600,7.7900
2026-06-10 15:06:26,380.0000,360.0000,365.0000,364.4000,7.8500
2026-06-10 15:30:27,380.0000,360.0000,365.0000,361.9700,7.9200
2026-06-10 16:00:25,380.0000,360.0000,365.0000,361.9400,7.9900
2026-06-10 16:30:25,380.0000,345.0000,365.0000,359.2400,8.1100
2026-06-10 17:00:19,380.0000,345.0000,365.0000,358.2200,7.9100
2026-06-10 17:30:19,380.0000,345.0000,350.0000,356.7100,8.1200
2026-06-10 18:00:28,380.0000,345.0000,350.0000,356.1000,8.0700
2026-06-10 18:30:28,380.0000,345.0000,350.0000,356.7500,8.0300
2026-06-10 19:00:25,380.0000,345.0000,350.0000,356.3100,8.0000
2026-06-10 19:30:26,380.0000,345.0000,350.0000,356.4100,8.1000
2026-06-10 20:00:22,380.0000,345.0000,350.0000,357.1900,8.1200
2026-06-11 09:35:36,380.0000,355.0000,362.5000,358.5300,8.0300
2026-06-11 13:00:10,380.0000,355.0000,362.5000,357.7800,8.0800
2026-06-11 13:30:24,380.0000,355.0000,362.5000,356.6800,8.0600
2026-06-11 14:00:23,350.0000,345.0000,350.0000,348.2900,8.1100
2026-06-11 14:30:21,350.0000,345.0000,350.0000,348.3400,7.9700
2026-06-11 15:00:21,350.0000,345.0000,350.0000,348.1000,7.9500
2026-06-11 15:14:13,350.0000,345.0000,350.0000,347.3900,8.0700
2026-06-11 15:30:23,350.0000,345.0000,350.0000,347.6400,7.9000
2026-06-11 15:37:24,350.0000,345.0000,350.0000,348.1700,7.9300
2026-06-11 15:40:19,350.0000,345.0000,350.0000,347.2300,7.9800
2026-06-11 16:00:28,350.0000,345.0000,350.0000,347.4600,7.9600
2026-06-11 16:31:19,350.0000,345.0000,350.0000,349.7900,7.9100
2026-06-11 16:50:12,350.0000,345.0000,350.0000,349.2600,7.8700
2026-06-11 17:00:34,350.0000,345.0000,350.0000,349.0600,7.8000
2026-06-11 17:08:38,350.0000,345.0000,350.0000,348.3600,7.8200
2026-06-11 17:26:37,350.0000,345.0000,350.0000,347.5600,7.9000
2026-06-11 17:30:30,350.0000,345.0000,350.0000,347.4000,7.8000
2026-06-11 18:00:24,370.0000,345.0000,350.0000,353.4200,7.9100
2026-06-11 18:30:24,370.0000,345.0000,350.0000,352.0700,7.7200
2026-06-11 19:00:32,370.0000,345.0000,350.0000,353.2800,7.6900
2026-06-11 19:30:30,380.0000,355.0000,350.0000,356.0800,7.9600
2026-06-11 20:00:29,380.0000,355.0000,362.5000,357.1000,7.9100
2026-06-12 12:19:22,370.0000,345.0000,357.5000,364.5100,8.0100
2026-06-12 13:00:09,370.0000,345.0000,357.5000,362.9000,8.0100
2026-06-12 13:30:20,370.0000,345.0000,357.5000,361.4000,8.0200
2026-06-12 14:00:19,370.0000,345.0000,357.5000,357.7100,8.2100
2026-06-12 14:23:37,370.0000,345.0000,357.5000,360.0500,8.0800
2026-06-12 14:30:23,370.0000,355.0000,357.5000,360.7400,8.0400
2026-06-12 14:32:12,370.0000,355.0000,357.5000,361.4500,8.0000
2026-06-12 15:00:28,370.0000,345.0000,357.5000,359.5500,7.8600
2026-06-12 15:30:23,370.0000,355.0000,357.5000,362.7600,7.8100
2026-06-12 16:00:21,370.0000,355.0000,357.5000,362.7600,7.9300
2026-06-12 16:30:24,370.0000,355.0000,357.5000,362.5400,7.9300
2026-06-12 17:00:22,370.0000,355.0000,357.5000,361.2400,7.6900
2026-06-12 17:30:25,370.0000,355.0000,357.5000,361.7500,7.6100
2026-06-12 18:00:31,370.0000,355.0000,357.5000,361.5200,7.4100
2026-06-12 18:30:30,370.0000,355.0000,357.5000,361.6100,7.5400
2026-06-12 19:00:25,370.0000,355.0000,357.5000,361.8400,7.4200
2026-06-12 19:30:26,370.0000,355.0000,357.5000,360.5700,7.4000
2026-06-12 20:00:31,370.0000,355.0000,357.5000,359.5400,7.3900
2026-06-15 04:00:10,370.0000,355.0000,357.5000,360.8800,7.4500
2026-06-15 06:54:22,370.0000,355.0000,357.5000,360.8800,7.4500
2026-06-15 13:00:10,370.0000,355.0000,362.5000,365.6000,7.5900
2026-06-15 13:30:21,370.0000,355.0000,362.5000,365.6000,7.6100
2026-06-15 14:00:24,370.0000,355.0000,362.5000,367.2100,8.8900
2026-06-15 14:30:30,370.0000,355.0000,362.5000,367.9500,9.0200
2026-06-15 15:00:29,380.0000,355.0000,362.5000,369.6000,8.7100
2026-06-15 15:22:29,380.0000,355.0000,380.0000,370.6800,8.6300
2026-06-15 15:30:30,380.0000,355.0000,380.0000,370.2000,8.5100
2026-06-15 16:00:23,380.0000,355.0000,380.0000,371.6600,8.5900
2026-06-15 16:30:23,380.0000,355.0000,380.0000,371.8900,8.2000
2026-06-15 17:00:29,380.0000,355.0000,380.0000,370.9000,8.3400
2026-06-15 17:30:25,380.0000,355.0000,380.0000,371.6200,8.4800
2026-06-15 18:00:21,380.0000,355.0000,380.0000,371.5400,8.4300
2026-06-15 18:30:21,380.0000,355.0000,380.0000,371.3800,8.4300
2026-06-15 19:00:25,380.0000,355.0000,362.5000,371.1600,8.4600
2026-06-15 19:30:28,380.0000,355.0000,362.5000,370.1900,8.3700
2026-06-15 20:00:29,370.0000,355.0000,362.5000,369.1100,7.8600
2026-06-16 13:00:09,370.0000,355.0000,365.0000,368.4600,8.3700
2026-06-16 13:30:23,370.0000,355.0000,365.0000,368.1600,8.3700
2026-06-16 14:00:23,370.0000,355.0000,365.0000,368.6900,8.5400
2026-06-16 14:12:32,370.0000,355.0000,365.0000,368.2800,8.4100
2026-06-16 14:30:22,380.0000,355.0000,365.0000,370.2300,8.6400
2026-06-16 15:00:18,380.0000,355.0000,365.0000,373.8200,8.7000
2026-06-16 15:05:25,380.0000,355.0000,365.0000,372.6800,8.3800
2026-06-16 15:30:19,380.0000,355.0000,365.0000,374.5800,8.8200
2026-06-16 16:00:19,380.0000,355.0000,365.0000,374.6900,8.6800
2026-06-16 16:30:20,380.0000,355.0000,365.0000,372.5900,8.5600
2026-06-16 17:00:22,380.0000,355.0000,365.0000,371.4900,7.9600
2026-06-16 17:30:24,380.0000,355.0000,365.0000,370.2300,8.4300
2026-06-16 18:00:23,380.0000,355.0000,365.0000,371.2600,8.5500
2026-06-16 18:30:20,380.0000,355.0000,365.0000,372.5200,8.3700
2026-06-16 19:00:25,380.0000,355.0000,365.0000,373.0800,8.7500
2026-06-16 19:30:26,380.0000,355.0000,365.0000,373.2200,8.6800
2026-06-16 20:00:24,380.0000,355.0000,365.0000,373.0100,8.7000
2026-06-17 10:53:40,380.0000,355.0000,365.0000,371.0900,8.4900
2026-06-17 13:00:09,380.0000,355.0000,365.0000,370.9700,8.5200
2026-06-17 13:30:17,380.0000,355.0000,365.0000,371.0000,8.4800
2026-06-17 14:00:17,370.0000,355.0000,365.0000,367.5800,9.5300
2026-06-17 14:30:20,370.0000,355.0000,365.0000,367.0700,8.7800
2026-06-17 15:00:23,370.0000,355.0000,365.0000,364.5000,8.8700
2026-06-17 15:30:25,370.0000,355.0000,365.0000,363.8100,8.9700
2026-06-17 16:00:22,370.0000,355.0000,365.0000,364.8800,8.5700
2026-06-17 16:30:22,370.0000,355.0000,365.0000,364.2800,8.4800
2026-06-17 17:00:30,370.0000,355.0000,365.0000,365.0600,8.9700
2026-06-17 17:30:29,370.0000,355.0000,365.0000,364.3800,8.3500
2026-06-17 18:00:30,370.0000,355.0000,365.0000,365.0100,8.3300
2026-06-17 18:30:48,370.0000,355.0000,365.0000,366.0000,9.1300
2026-06-17 19:01:16,370.0000,355.0000,365.0000,366.3900,8.0500
2026-06-17 19:31:11,370.0000,355.0000,365.0000,364.8000,7.6700
2026-06-17 20:00:48,370.0000,355.0000,365.0000,363.3500,9.6900
2026-06-18 09:18:46,370.0000,355.0000,365.0000,364.4000,9.6300
2026-06-18 09:22:24,370.0000,355.0000,365.0000,364.4000,9.6300
2026-06-18 11:14:29,370.0000,355.0000,365.0000,363.7500,9.5900
2026-06-18 13:00:23,370.0000,355.0000,365.0000,364.0000,9.5900
2026-06-18 13:30:50,370.0000,355.0000,365.0000,364.9000,9.7000
2026-06-18 14:00:51,365.0000,355.0000,357.5000,359.6500,13.8700
2026-06-18 14:30:47,365.0000,360.0000,365.0000,362.6800,11.6500
2026-06-18 15:00:46,365.0000,360.0000,365.0000,363.1900,12.1500
2026-06-18 15:30:47,365.0000,360.0000,365.0000,363.6100,11.7400
2026-06-18 16:00:46,370.0000,362.5000,365.0000,365.3400,10.8100
2026-06-18 16:30:47,367.5000,362.5000,365.0000,365.2000,13.2300
2026-06-18 17:00:51,370.0000,362.5000,365.0000,366.1200,10.0100
2026-06-18 17:30:49,370.0000,362.5000,365.0000,366.5000,9.6400
2026-06-18 18:00:48,370.0000,362.5000,365.0000,367.8700,13.0600
2026-06-18 18:30:49,370.0000,362.5000,365.0000,368.0700,13.7600
2026-06-18 19:00:47,370.0000,362.5000,365.0000,368.0000,13.7600
2026-06-18 19:31:02,367.5000,362.5000,365.0000,367.3500,16.0100
2026-06-18 20:00:59,370.0000,362.5000,365.0000,368.7000,20.6200
2026-06-19 13:00:11,372.5000,360.0000,365.0000,366.4000,6.7400
2026-06-19 13:30:21,372.5000,360.0000,365.0000,366.4000,6.7400
2026-06-19 14:00:21,372.5000,360.0000,365.0000,366.4000,6.7400
2026-06-19 14:30:22,372.5000,360.0000,365.0000,366.4000,6.7400
2026-06-19 15:00:25,372.5000,360.0000,365.0000,366.4000,6.7400
2026-06-19 15:30:26,372.5000,360.0000,365.0000,366.4000,6.7400
2026-06-19 16:00:26,372.5000,360.0000,365.0000,366.4000,6.7400
2026-06-19 16:30:24,372.5000,360.0000,365.0000,366.4000,6.7400
2026-06-19 17:00:23,372.5000,360.0000,365.0000,366.4000,6.7400
2026-06-19 17:30:24,372.5000,360.0000,365.0000,366.4000,6.7400
2026-06-19 18:00:21,372.5000,360.0000,365.0000,366.4000,6.7400
2026-06-19 18:30:23,372.5000,360.0000,365.0000,366.4000,6.7400
2026-06-19 19:00:25,372.5000,360.0000,365.0000,366.4000,6.7400
2026-06-19 19:30:22,372.5000,360.0000,365.0000,366.4000,6.7400
2026-06-19 20:00:25,372.5000,360.0000,365.0000,366.4000,6.7400
2026-06-22 07:01:30,372.5000,360.0000,365.0000,366.4000,6.7400
2026-06-22 11:12:25,372.5000,360.0000,365.0000,361.3800,6.8600
2026-06-22 13:00:11,372.5000,345.0000,365.0000,359.7000,6.8400
2026-06-22 13:30:23,372.5000,345.0000,365.0000,359.8000,6.8000
2026-06-22 14:00:22,372.5000,345.0000,365.0000,354.8500,8.4700
2026-06-22 14:30:19,372.5000,345.0000,365.0000,350.9900,8.5000
2026-06-22 15:00:19,372.5000,345.0000,365.0000,347.5500,8.8100
2026-06-22 15:30:23,372.5000,340.0000,365.0000,342.8800,9.0700
2026-06-22 16:00:23,372.5000,345.0000,365.0000,347.2300,8.9900
2026-06-22 16:30:25,372.5000,345.0000,365.0000,345.0300,8.9300
2026-06-22 17:00:32,372.5000,345.0000,365.0000,346.2300,8.9000
2026-06-22 17:30:32,372.5000,345.0000,365.0000,346.6300,8.7500
2026-06-22 18:00:29,372.5000,345.0000,365.0000,346.7300,8.6100
2026-06-22 18:30:28,372.5000,345.0000,365.0000,348.0100,8.4600
2026-06-22 19:00:28,372.5000,345.0000,365.0000,348.3200,8.4800
2026-06-22 19:30:31,372.5000,345.0000,365.0000,347.6200,8.5300
2026-06-23 10:50:00,365.0000,340.0000,352.5000,343.0700,8.2000
2026-06-23 13:00:12,365.0000,340.0000,352.5000,342.1300,8.1800
2026-06-23 13:30:24,365.0000,340.0000,352.5000,343.4100,8.2200
2026-06-23 14:00:24,365.0000,345.0000,352.5000,347.0500,9.1900
2026-06-23 14:30:22,365.0000,345.0000,352.5000,349.0500,8.8100
2026-06-23 14:52:55,365.0000,345.0000,352.5000,347.8700,8.5000
2026-06-23 15:00:27,365.0000,345.0000,352.5000,347.4500,8.5300
2026-06-23 15:30:25,365.0000,345.0000,352.5000,346.7800,8.4600
2026-06-23 16:00:26,365.0000,345.0000,352.5000,345.9300,8.5400
2026-06-23 16:18:25,365.0000,345.0000,352.5000,346.7100,8.4500
2026-06-23 16:25:47,365.0000,345.0000,352.5000,346.1200,8.4200
2026-06-23 16:30:32,365.0000,345.0000,352.5000,345.4400,8.1700
2026-06-23 17:00:25,365.0000,345.0000,352.5000,347.5000,8.3900
2026-06-23 17:30:25,365.0000,345.0000,352.5000,347.6700,8.2500
2026-06-23 18:00:31,365.0000,345.0000,352.5000,347.2900,8.1600
2026-06-23 18:12:14,365.0000,345.0000,352.5000,346.7000,8.2300
2026-06-23 18:30:31,365.0000,345.0000,352.5000,346.5900,8.2000
2026-06-23 19:00:27,365.0000,345.0000,352.5000,346.5200,8.3300
2026-06-23 19:16:27,365.0000,345.0000,352.5000,346.7200,8.3700
2026-06-23 19:30:27,365.0000,345.0000,352.5000,347.0400,8.4400
2026-06-23 20:00:30,365.0000,345.0000,352.5000,347.1300,8.3200
2026-06-24 08:13:35,365.0000,345.0000,352.5000,348.1700,7.5800
2026-06-24 13:00:10,357.5000,345.0000,352.5000,348.2900,7.5200
2026-06-24 13:30:25,357.5000,345.0000,352.5000,348.4600,7.5400
2026-06-24 14:00:23,365.0000,345.0000,352.5000,349.2900,9.4000
2026-06-24 14:30:18,357.5000,345.0000,352.5000,350.0600,8.8400
2026-06-24 14:34:55,357.5000,345.0000,352.5000,349.7400,8.8600
2026-06-24 15:00:25,357.5000,345.0000,352.5000,351.0100,8.6600
2026-06-24 15:30:22,357.5000,345.0000,352.5000,351.1500,8.3500
2026-06-24 16:00:23,357.5000,345.0000,352.5000,350.3500,8.2000
2026-06-24 16:30:22,357.5000,345.0000,352.5000,350.7600,8.2700
2026-06-24 17:00:26,357.5000,345.0000,352.5000,348.5900,8.4800
2026-06-24 17:30:24,357.5000,345.0000,352.5000,349.3300,8.4900
2026-06-24 18:00:20,357.5000,345.0000,352.5000,348.5200,8.7600
2026-06-24 18:30:23,357.5000,345.0000,352.5000,348.5700,8.6900
2026-06-24 19:00:29,357.5000,340.0000,352.5000,343.5000,9.3100
2026-06-24 19:30:32,357.5000,340.0000,352.5000,344.0500,9.3500
2026-06-24 20:00:28,357.5000,340.0000,352.5000,344.9600,8.8700
2026-06-25 06:51:47,357.5000,340.0000,352.5000,342.1300,9.0600
2026-06-25 08:30:43,357.5000,340.0000,352.5000,342.1300,9.0600
2026-06-25 12:55:50,357.5000,340.0000,352.5000,340.7100,9.0600
2026-06-25 13:00:22,357.5000,340.0000,352.5000,340.7100,9.0600
2026-06-25 13:30:21,357.5000,335.0000,352.5000,339.0000,8.9600
2026-06-25 14:00:22,357.5000,335.0000,352.5000,337.4000,10.7600
2026-06-25 14:30:23,357.5000,335.0000,352.5000,339.8700,10.1500
2026-06-25 15:00:22,357.5000,340.0000,352.5000,342.5900,10.1900
2026-06-25 15:30:21,357.5000,335.0000,352.5000,339.9800,9.7700
2026-06-25 16:00:23,357.5000,340.0000,352.5000,341.2700,8.9400
2026-06-25 16:30:26,357.5000,340.0000,352.5000,341.8800,9.2800
2026-06-25 17:00:25,357.5000,340.0000,352.5000,341.1200,8.8100
2026-06-25 17:30:24,357.5000,340.0000,352.5000,341.0000,8.0100
2026-06-25 18:00:26,357.5000,340.0000,352.5000,340.2300,7.8500
2026-06-25 18:30:25,357.5000,340.0000,352.5000,342.2000,9.2200
2026-06-25 19:00:28,357.5000,340.0000,352.5000,342.0300,8.2700
2026-06-25 19:30:31,357.5000,340.0000,352.5000,342.9200,8.1400
2026-06-25 20:00:27,357.5000,340.0000,352.5000,341.6500,8.1500
2026-06-26 07:27:45,357.5000,340.0000,352.5000,343.0000,8.7300
2026-06-26 07:47:30,357.5000,340.0000,352.5000,343.0000,8.7300
2026-06-26 13:00:12,352.5000,340.0000,352.5000,342.7000,9.3100
2026-06-26 13:30:23,352.5000,340.0000,352.5000,342.2700,9.3800
2026-06-26 14:00:20,352.5000,335.0000,352.5000,338.4000,10.7600
2026-06-26 14:17:38,352.5000,335.0000,352.5000,338.6200,13.3800
2026-06-26 14:30:31,352.5000,335.0000,352.5000,338.9300,12.0500
2026-06-26 15:00:27,352.5000,340.0000,352.5000,340.6600,13.5600
2026-06-26 15:30:25,352.5000,340.0000,352.5000,341.3800,11.2100
2026-06-26 16:00:23,352.5000,340.0000,352.5000,343.9300,13.5400
2026-06-26 16:30:21,352.5000,340.0000,352.5000,344.5700,12.0800
2026-06-26 17:00:27,352.5000,340.0000,352.5000,341.6800,11.7900
2026-06-26 17:30:28,352.5000,340.0000,352.5000,341.6600,13.8100
2026-06-26 18:00:25,360.0000,340.0000,352.5000,340.9700,12.6800
2026-06-26 18:30:24,360.0000,340.0000,352.5000,341.3900,11.6200
2026-06-26 19:00:23,360.0000,340.0000,352.5000,341.1200,15.8900
2026-06-26 19:30:21,352.5000,340.0000,352.5000,341.7400,15.3200
2026-06-26 20:00:25,352.5000,340.0000,352.5000,342.3800,29.3100
2026-06-29 08:54:07,347.5000,337.5000,347.5000,338.1200,6.4100
2026-06-29 09:08:58,347.5000,332.5000,342.5000,341.2300,6.3000
2026-06-29 09:12:06,347.5000,332.5000,342.5000,341.2300,6.3000
2026-06-29 12:14:50,347.5000,332.5000,342.5000,340.8900,6.2900
2026-06-29 13:00:11,347.5000,332.5000,342.5000,340.8900,6.2900
2026-06-29 13:30:21,347.5000,332.5000,342.5000,341.1500,6.5700
2026-06-29 14:00:18,347.5000,332.5000,347.5000,346.1100,8.5700
2026-06-29 14:30:22,355.0000,332.5000,347.5000,347.8600,8.6100
2026-06-29 15:00:24,355.0000,332.5000,347.5000,351.1200,8.7200
2026-06-29 15:06:15,355.0000,332.5000,347.5000,349.8000,8.7000
2026-06-29 16:04:04,355.0000,332.5000,347.5000,352.0700,8.5400
2026-06-29 16:30:28,355.0000,332.5000,347.5000,352.5800,8.5200
2026-06-29 17:00:28,355.0000,332.5000,347.5000,350.6700,8.2700
2026-06-29 17:30:32,355.0000,332.5000,347.5000,352.8100,8.4500
2026-06-29 17:51:03,355.0000,332.5000,347.5000,353.2300,8.4600
2026-06-29 18:00:27,355.0000,332.5000,347.5000,353.5000,8.5300
2026-06-29 18:30:32,355.0000,332.5000,347.5000,353.0800,8.3900
2026-06-29 19:00:30,355.0000,332.5000,347.5000,353.3800,8.3900
2026-06-29 19:30:23,355.0000,332.5000,347.5000,352.7600,8.2200
2026-06-29 20:00:26,355.0000,332.5000,347.5000,354.1300,8.3900
2026-06-30 08:29:30,355.0000,332.5000,347.5000,353.1500,8.3800
2026-06-30 13:00:13,360.0000,340.0000,347.5000,354.5500,8.3800
2026-06-30 13:30:30,360.0000,340.0000,347.5000,354.8800,8.3600
2026-06-30 13:47:07,360.0000,340.0000,347.5000,353.1400,8.9800
2026-06-30 14:01:11,360.0000,340.0000,347.5000,351.4500,8.6400
2026-06-30 14:30:25,360.0000,340.0000,347.5000,352.2800,8.2700
2026-06-30 14:35:49,360.0000,340.0000,347.5000,352.6200,8.0600
2026-06-30 14:38:58,360.0000,340.0000,347.5000,353.3100,8.1800
2026-06-30 15:00:24,360.0000,340.0000,347.5000,354.2400,7.9000
2026-06-30 15:30:24,360.0000,345.0000,347.5000,354.4500,8.0900
2026-06-30 16:00:25,360.0000,345.0000,347.5000,356.2200,8.2300
2026-06-30 16:30:25,360.0000,345.0000,347.5000,356.9100,8.1600
2026-06-30 17:00:21,360.0000,345.0000,347.5000,358.0600,8.1300
2026-06-30 17:30:20,360.0000,345.0000,347.5000,357.5900,8.0400
2026-06-30 18:00:25,360.0000,345.0000,347.5000,355.9500,8.0100
2026-06-30 18:30:26,360.0000,345.0000,347.5000,356.7800,7.9800
2026-06-30 19:00:26,360.0000,345.0000,347.5000,356.1800,7.8500
2026-06-30 19:30:30,360.0000,345.0000,347.5000,356.9100,8.0400
2026-06-30 20:00:27,360.0000,345.0000,347.5000,357.5600,8.2800
2026-06-30 20:23:15,360.0000,345.0000,347.5000,355.8000,8.0100
2026-07-01 05:02:04,360.0000,345.0000,347.5000,357.1800,8.0500
2026-07-01 11:36:41,360.0000,352.5000,355.0000,355.7900,7.8800
2026-07-01 12:34:52,360.0000,352.5000,355.0000,357.1700,7.9100
2026-07-01 13:00:27,360.0000,352.5000,355.0000,357.2800,7.9200
2026-07-01 13:10:11,360.0000,352.5000,355.0000,359.8900,7.9700
2026-07-01 13:30:24,365.0000,352.5000,355.0000,360.6200,7.9300
2026-07-01 13:51:27,365.0000,352.5000,355.0000,360.8100,9.3800
2026-07-01 13:59:42,365.0000,352.5000,355.0000,361.0600,9.4400
2026-07-01 14:01:27,360.0000,352.5000,355.0000,358.7600,8.9600
2026-07-01 14:30:29,360.0000,352.5000,355.0000,358.6000,8.3100
2026-07-01 15:00:26,365.0000,352.5000,355.0000,362.6400,8.0400
2026-07-01 15:30:24,365.0000,352.5000,355.0000,361.1900,8.2700
2026-07-01 16:00:23,360.0000,352.5000,355.0000,359.3700,8.3000
2026-07-01 16:30:20,360.0000,352.5000,355.0000,359.4500,7.5500
2026-07-01 16:59:27,360.0000,352.5000,355.0000,358.1400,7.8300
2026-07-01 17:00:41,360.0000,352.5000,355.0000,357.9100,7.7600
2026-07-01 17:30:32,360.0000,352.5000,355.0000,359.1500,7.8600
2026-07-01 17:35:07,360.0000,352.5000,355.0000,358.7700,8.2800
2026-07-01 18:00:33,360.0000,352.5000,355.0000,358.8900,7.8000
2026-07-01 18:50:49,360.0000,352.5000,355.0000,359.5800,7.3900
2026-07-01 19:00:29,360.0000,352.5000,355.0000,359.8300,8.2600
2026-07-01 19:30:23,360.0000,352.5000,355.0000,359.6200,8.3800
2026-07-01 20:00:21,365.0000,352.5000,355.0000,361.0400,7.6700
2026-07-02 04:03:26,365.0000,352.5000,355.0000,360.2200,8.2200
2026-07-02 08:55:22,365.0000,352.5000,355.0000,360.2200,8.2200
2026-07-02 08:56:55,365.0000,352.5000,355.0000,360.2200,8.2200
2026-07-02 12:15:14,360.0000,345.0000,355.0000,358.5000,8.2700
2026-07-02 12:26:56,360.0000,345.0000,355.0000,358.5000,8.2700
2026-07-02 13:00:12,360.0000,345.0000,355.0000,359.0000,8.2900
2026-07-02 13:30:23,360.0000,345.0000,355.0000,358.1400,8.3000
2026-07-02 14:00:24,365.0000,352.5000,355.0000,362.3300,12.7900
2026-07-02 14:07:42,365.0000,352.5000,355.0000,362.7900,12.6200
2026-07-02 14:11:24,365.0000,345.0000,355.0000,364.1100,10.5900
2026-07-02 14:30:32,365.0000,352.5000,355.0000,362.0000,11.7200
2026-07-02 15:00:29,365.0000,352.5000,355.0000,362.0600,13.0200
2026-07-02 15:30:27,360.0000,352.5000,355.0000,359.0200,9.6800
2026-07-02 16:00:29,360.0000,352.5000,355.0000,356.3100,11.3100
2026-07-02 16:30:32,355.0000,352.5000,355.0000,354.7300,11.1600
2026-07-02 17:00:34,360.0000,352.5000,355.0000,355.5100,12.3400
2026-07-02 17:30:32,355.0000,352.5000,355.0000,354.5100,11.4400
2026-07-02 18:00:27,360.0000,352.5000,355.0000,356.7100,10.8700
2026-07-02 18:30:25,360.0000,352.5000,355.0000,358.1200,13.6300
2026-07-02 19:00:24,360.0000,352.5000,355.0000,358.4500,14.3100
2026-07-02 19:30:28,360.0000,352.5000,355.0000,359.2000,13.6200
2026-07-02 20:00:29,360.0000,345.0000,355.0000,359.2800,15.9100
2026-07-03 13:00:10,400.0000,340.0000,357.5000,359.2500,7.2300
2026-07-03 13:30:19,400.0000,340.0000,357.5000,359.2500,7.2300
2026-07-03 14:00:18,400.0000,340.0000,357.5000,359.2500,7.2300
2026-07-03 14:30:19,400.0000,340.0000,357.5000,359.2500,7.2300
2026-07-03 15:00:20,400.0000,340.0000,357.5000,359.2500,7.2300
2026-07-03 15:30:22,400.0000,340.0000,357.5000,359.2500,7.2300
2026-07-03 16:00:21,400.0000,340.0000,357.5000,359.2500,7.2300
2026-07-03 16:30:17,400.0000,340.0000,357.5000,359.2500,7.2300
2026-07-03 17:00:17,400.0000,340.0000,357.5000,359.2500,7.2300
2026-07-03 17:30:21,400.0000,340.0000,357.5000,359.2500,7.2300
2026-07-03 18:00:23,400.0000,340.0000,357.5000,359.2500,7.2300
2026-07-03 18:30:21,400.0000,340.0000,357.5000,359.2500,7.2300
2026-07-03 19:00:20,400.0000,340.0000,357.5000,359.2500,7.2300
2026-07-03 19:30:18,400.0000,340.0000,357.5000,359.2500,7.2300
2026-07-03 20:00:18,400.0000,340.0000,357.5000,359.2500,7.2300
2026-07-06 04:00:11,400.0000,340.0000,357.5000,359.2500,7.2300
2026-07-06 10:47:18,400.0000,340.0000,362.5000,361.6700,7.2700
2026-07-06 12:39:30,400.0000,340.0000,362.5000,360.6200,7.2500
2026-07-06 12:43:18,400.0000,340.0000,362.5000,360.6200,7.2500
2026-07-06 12:50:13,400.0000,340.0000,362.5000,360.6200,7.2500
2026-07-06 12:57:56,400.0000,340.0000,362.5000,360.6200,7.2500
2026-07-06 13:00:22,400.0000,340.0000,362.5000,360.6200,7.2500
2026-07-06 13:30:18,400.0000,340.0000,362.5000,360.9200,7.2600
2026-07-06 13:49:32,400.0000,340.0000,362.5000,362.1100,7.9500
2026-07-06 13:53:15,400.0000,340.0000,362.5000,361.8400,7.9100
2026-07-06 14:00:19,400.0000,340.0000,357.5000,358.9400,7.6900
2026-07-06 14:30:18,400.0000,340.0000,357.5000,359.6100,7.6200
2026-07-06 14:55:43,380.0000,340.0000,362.5000,361.3700,7.5800
2026-07-06 15:00:21,380.0000,340.0000,362.5000,361.1700,7.5200
2026-07-06 16:00:09,400.0000,340.0000,362.5000,363.2100,7.5000
2026-07-06 16:30:23,400.0000,340.0000,362.5000,364.3100,7.5300
2026-07-06 17:00:28,400.0000,340.0000,362.5000,364.0700,7.5200
2026-07-06 17:30:26,400.0000,340.0000,362.5000,364.6500,7.5200
2026-07-06 17:45:01,400.0000,340.0000,362.5000,364.8900,7.5700
2026-07-06 18:00:19,400.0000,340.0000,362.5000,364.4900,7.5300
2026-07-06 18:30:21,400.0000,340.0000,362.5000,364.1800,7.5400
2026-07-06 19:00:23,400.0000,340.0000,362.5000,365.4100,7.7300
2026-07-06 19:30:28,400.0000,340.0000,362.5000,366.7300,7.7600
2026-07-06 20:00:29,400.0000,340.0000,362.5000,367.5200,7.8300
2026-07-07 12:08:18,400.0000,340.0000,362.5000,367.9800,7.7100
2026-07-07 13:00:09,400.0000,340.0000,362.5000,367.3000,7.6900
2026-07-07 13:30:18,400.0000,340.0000,362.5000,368.5200,7.6600
2026-07-07 13:53:22,400.0000,340.0000,362.5000,369.1100,7.8100
2026-07-07 14:00:18,400.0000,340.0000,362.5000,371.2000,7.8000
2026-07-07 14:30:18,400.0000,340.0000,362.5000,372.0200,7.7600
2026-07-07 15:00:24,400.0000,340.0000,362.5000,369.2700,7.7200
2026-07-07 15:30:28,400.0000,340.0000,362.5000,367.3800,7.6500
2026-07-07 16:00:22,400.0000,340.0000,362.5000,368.6200,7.7100
2026-07-07 16:30:23,400.0000,340.0000,362.5000,368.5600,7.6600
2026-07-07 17:00:25,400.0000,340.0000,362.5000,369.5000,7.7100
2026-07-07 17:30:23,400.0000,340.0000,362.5000,369.6600,7.6500
2026-07-07 17:56:01,400.0000,340.0000,362.5000,369.7300,7.5800
2026-07-07 18:00:28,400.0000,340.0000,362.5000,369.8100,7.5500
2026-07-07 18:17:06,400.0000,340.0000,362.5000,370.3100,7.6600
2026-07-07 18:30:30,400.0000,340.0000,362.5000,369.6900,7.5900
2026-07-07 19:00:22,400.0000,340.0000,362.5000,369.4000,7.6800
2026-07-07 19:30:25,400.0000,340.0000,362.5000,368.7800,7.6900
2026-07-07 20:00:30,400.0000,340.0000,362.5000,365.6200,7.8000
2026-07-08 13:00:10,380.0000,340.0000,362.5000,362.5800,7.7000
2026-07-08 13:30:27,380.0000,340.0000,362.5000,363.8000,7.7000
2026-07-08 13:49:16,380.0000,340.0000,362.5000,363.8600,7.9400
2026-07-08 14:00:25,380.0000,340.0000,362.5000,364.2700,7.8900
2026-07-08 14:30:27,380.0000,340.0000,362.5000,362.7800,7.6500
2026-07-08 15:00:23,380.0000,340.0000,362.5000,361.4400,7.5300
2026-07-08 15:30:21,380.0000,340.0000,362.5000,361.4200,7.5200
2026-07-08 16:00:19,380.0000,340.0000,362.5000,360.8600,7.5400
2026-07-08 16:30:22,380.0000,340.0000,362.5000,360.8500,7.5100
2026-07-08 17:00:26,380.0000,340.0000,362.5000,361.2000,7.4200
2026-07-08 17:30:23,380.0000,340.0000,362.5000,361.0400,7.3200
2026-07-08 18:00:25,380.0000,340.0000,357.5000,360.0000,7.3900
2026-07-08 18:01:19,380.0000,340.0000,362.5000,360.0400,7.3700
2026-07-08 18:30:26,380.0000,340.0000,357.5000,359.1700,7.3500
2026-07-08 19:00:30,380.0000,340.0000,357.5000,358.7100,7.3400
2026-07-08 19:05:45,380.0000,340.0000,357.5000,359.0200,7.4000
2026-07-08 19:30:29,380.0000,340.0000,357.5000,358.5000,7.3300
2026-07-08 20:00:27,380.0000,340.0000,357.5000,359.9500,7.3900
2026-07-09 08:43:51,380.0000,340.0000,362.5000,361.9200,7.3800
2026-07-09 08:58:13,380.0000,340.0000,362.5000,361.9200,7.3800
2026-07-09 13:00:10,380.0000,345.0000,357.5000,357.6500,7.4500
2026-07-09 13:30:25,380.0000,345.0000,357.5000,356.1800,7.4400
2026-07-09 14:00:24,380.0000,340.0000,357.5000,358.1500,7.5200
2026-07-09 14:30:19,380.0000,340.0000,352.5000,352.9100,7.7000
2026-07-09 15:00:22,380.0000,340.0000,352.5000,352.9000,7.5800
2026-07-09 15:30:26,380.0000,340.0000,352.5000,353.1100,7.4600
2026-07-09 16:00:25,380.0000,340.0000,352.5000,353.2500,7.4200
2026-07-09 16:30:22,380.0000,340.0000,352.5000,353.7700,7.3200
2026-07-09 17:00:19,380.0000,340.0000,357.5000,355.3600,7.3200
2026-07-09 17:30:21,380.0000,340.0000,357.5000,355.1500,7.2300
2026-07-09 17:32:20,380.0000,340.0000,357.5000,355.3900,7.3100
2026-07-09 18:00:21,380.0000,340.0000,357.5000,355.6800,7.2600
2026-07-09 18:30:25,380.0000,340.0000,357.5000,356.8400,7.4300
2026-07-09 19:00:26,380.0000,340.0000,357.5000,356.7300,7.2900
2026-07-09 19:30:20,380.0000,345.0000,357.5000,357.7000,7.3500
2026-07-09 20:00:23,380.0000,345.0000,357.5000,358.1400,7.3100
2026-07-10 11:05:42,380.0000,340.0000,357.5000,358.6000,7.2200
2026-07-10 11:37:06,380.0000,340.0000,357.5000,360.0000,7.2600
2026-07-10 11:45:59,380.0000,340.0000,357.5000,360.0000,7.2600
2026-07-10 13:00:12,380.0000,340.0000,357.5000,356.6000,7.2800
2026-07-10 13:30:23,380.0000,340.0000,357.5000,357.6500,7.2800
2026-07-10 14:00:21,370.0000,340.0000,357.5000,355.9600,7.2900
2026-07-10 14:30:20,370.0000,340.0000,357.5000,355.1400,7.0800
2026-07-10 15:00:21,370.0000,340.0000,357.5000,354.0800,6.9800
2026-07-10 15:30:20,370.0000,340.0000,357.5000,353.8100,6.8800
2026-07-10 16:00:19,370.0000,340.0000,357.5000,354.1500,6.7700
2026-07-10 16:16:44,370.0000,340.0000,357.5000,354.4700,6.7300
2026-07-10 16:30:28,370.0000,340.0000,357.5000,354.9600,6.8000
2026-07-10 17:00:26,370.0000,340.0000,357.5000,355.8900,6.8800
2026-07-10 17:30:22,370.0000,340.0000,357.5000,354.7600,6.6800
2026-07-10 18:00:23,370.0000,340.0000,357.5000,353.9500,6.7900
2026-07-10 18:30:21,370.0000,340.0000,357.5000,355.5100,6.7300
2026-07-10 19:00:26,370.0000,340.0000,357.5000,355.8900,6.7200
2026-07-10 19:30:32,370.0000,340.0000,357.5000,356.0400,6.6900
2026-07-10 19:51:12,370.0000,340.0000,357.5000,356.7000,6.7500
2026-07-10 20:00:33,370.0000,340.0000,357.5000,356.7000,6.7200
2026-07-16 13:35:07,375.0000,340.0000,365.0000,373.0200,8.7800
2026-07-16 14:00:19,375.0000,340.0000,365.0000,370.0500,9.3100
2026-07-16 14:30:22,375.0000,340.0000,365.0000,370.7700,8.6100
2026-07-16 15:00:22,375.0000,340.0000,365.0000,372.9000,8.8600
2026-07-16 15:30:19,375.0000,340.0000,365.0000,371.4200,8.5800
2026-07-16 16:00:27,375.0000,340.0000,365.0000,371.6300,8.9100
2026-07-16 16:30:31,375.0000,340.0000,365.0000,371.2300,8.4800
2026-07-16 17:00:27,375.0000,340.0000,365.0000,371.4300,9.1700
2026-07-16 17:30:25,375.0000,340.0000,365.0000,371.1700,9.0600
2026-07-16 18:00:24,375.0000,340.0000,365.0000,371.4200,8.7500
2026-07-16 18:30:29,370.0000,340.0000,365.0000,363.6500,11.1200
2026-07-16 19:00:32,370.0000,340.0000,360.0000,359.8500,10.1700
2026-07-16 19:30:29,370.0000,340.0000,357.5000,354.2100,10.2100
2026-07-16 20:00:31,370.0000,340.0000,357.5000,354.0900,9.4700
2026-07-17 13:00:13,360.0000,345.0000,357.5000,345.6200,10.1700
2026-07-17 13:30:28,360.0000,340.0000,357.5000,344.8000,10.0800
2026-07-17 14:00:23,360.0000,340.0000,357.5000,341.9500,15.4000
2026-07-17 14:30:25,360.0000,345.0000,357.5000,347.1400,12.4800
2026-07-17 15:00:30,360.0000,345.0000,357.5000,346.7200,11.2300
2026-07-17 15:30:28,360.0000,345.0000,357.5000,346.1000,11.7100
2026-07-17 16:00:32,360.0000,345.0000,357.5000,347.7800,12.3200
2026-07-17 16:30:31,360.0000,345.0000,357.5000,346.2900,13.6200
2026-07-17 17:00:30,360.0000,345.0000,357.5000,346.6900,12.7100
2026-07-17 17:30:31,360.0000,345.0000,357.5000,346.1300,13.5900
2026-07-17 18:00:28,360.0000,340.0000,357.5000,344.2800,14.1400
2026-07-17 18:30:27,360.0000,340.0000,357.5000,343.1200,12.8100
2026-07-17 19:00:23,360.0000,340.0000,357.5000,344.5800,15.0800
2026-07-17 19:30:25,360.0000,340.0000,357.5000,344.9500,14.9200
2026-07-17 20:00:30,360.0000,345.0000,357.5000,345.0800,18.5900
2026-07-20 07:08:57,360.0000,335.0000,352.5000,346.4500,12.9300
2026-07-20 13:00:15,360.0000,317.5000,350.0000,348.4300,12.9600
2026-07-20 13:30:31,360.0000,317.5000,350.0000,350.3300,13.0200
2026-07-20 14:00:28,360.0000,335.0000,350.0000,358.2300,16.1400
2026-07-20 14:30:29,360.0000,335.0000,350.0000,358.8500,15.9200
2026-07-20 15:00:29,360.0000,335.0000,350.0000,356.7800,15.6800
2026-07-20 15:30:27,360.0000,335.0000,350.0000,356.8500,15.7500
2026-07-20 16:00:32,360.0000,335.0000,350.0000,357.1300,15.6500
2026-07-20 16:30:32,360.0000,335.0000,350.0000,355.5100,15.3500
2026-07-20 17:00:31,360.0000,335.0000,350.0000,355.2700,15.5100
2026-07-20 17:30:29,360.0000,317.5000,350.0000,352.8600,15.4600
2026-07-20 18:00:23,360.0000,317.5000,350.0000,352.7700,15.5500
2026-07-20 18:30:22,360.0000,335.0000,350.0000,353.3900,15.6300
2026-07-20 19:00:24,360.0000,317.5000,350.0000,351.0100,15.2200
2026-07-20 19:30:21,360.0000,335.0000,350.0000,352.1400,15.2800
2026-07-20 20:00:24,360.0000,335.0000,350.0000,352.8300,15.3200
2026-07-21 12:22:15,360.0000,335.0000,350.0000,354.5600,15.5600
2026-07-21 13:00:11,360.0000,335.0000,350.0000,350.9900,15.3800
2026-07-21 13:30:28,360.0000,335.0000,350.0000,351.7100,15.4000
2026-07-21 14:00:31,360.0000,335.0000,350.0000,349.5000,17.0000
2026-07-21 14:30:27,360.0000,325.0000,350.0000,349.7000,17.1400
2026-07-21 15:00:21,360.0000,325.0000,350.0000,348.1800,17.1500
2026-07-21 15:30:19,360.0000,325.0000,350.0000,348.6600,17.2800
2026-07-21 16:00:21,360.0000,325.0000,350.0000,349.3800,17.6500
2026-07-21 16:30:21,360.0000,325.0000,350.0000,349.3200,17.6200
2026-07-21 17:00:23,360.0000,325.0000,350.0000,349.6800,17.6700
2026-07-21 17:30:22,360.0000,325.0000,350.0000,349.1900,17.8500
2026-07-21 18:00:22,360.0000,325.0000,350.0000,349.1500,17.7700
2026-07-21 18:30:27,360.0000,325.0000,350.0000,349.0100,17.8100
2026-07-21 19:00:28,360.0000,325.0000,350.0000,348.5300,17.9000
2026-07-21 19:30:28,360.0000,325.0000,350.0000,349.4400,18.4000
2026-07-21 20:00:33,360.0000,325.0000,350.0000,349.0100,18.3600
2026-07-22 13:00:09,370.0000,330.0000,350.0000,348.0700,18.6700
2026-07-22 13:30:21,370.0000,330.0000,350.0000,348.1500,18.6500
2026-07-22 13:47:13,370.0000,330.0000,350.0000,348.4800,20.6800
2026-07-22 14:00:26,370.0000,330.0000,350.0000,346.9500,20.3100
2026-07-22 14:30:20,370.0000,330.0000,350.0000,348.0700,20.1200
2026-07-22 15:00:18,370.0000,330.0000,350.0000,348.1400,20.3800
2026-07-22 15:30:19,370.0000,330.0000,350.0000,347.8900,20.1500
2026-07-22 16:00:20,370.0000,330.0000,350.0000,347.5200,20.3500
2026-07-22 16:30:23,370.0000,330.0000,350.0000,347.9600,20.4900
2026-07-22 17:00:27,370.0000,330.0000,350.0000,347.8900,20.3200
2026-07-22 17:30:31,370.0000,330.0000,350.0000,348.0800,20.5300
2026-07-22 18:00:28,370.0000,330.0000,350.0000,347.9100,20.5500
2026-07-22 18:30:22,370.0000,330.0000,350.0000,346.7500,20.3500
2026-07-22 19:00:22,370.0000,330.0000,350.0000,346.4600,20.5400
2026-07-22 19:30:28,370.0000,330.0000,350.0000,345.9400,20.8900
2026-07-22 20:00:25,370.0000,330.0000,350.0000,345.3300,20.8200
2026-07-23 08:24:37,370.0000,330.0000,350.0000,330.7600,20.6700
2026-07-23 13:00:10,370.0000,320.0000,342.5000,324.2800,20.3600
2026-07-23 13:30:22,370.0000,320.0000,342.5000,323.3400,20.3800
2026-07-23 14:00:22,347.5000,320.0000,342.5000,321.2700,10.9400
2026-07-23 14:30:21,347.5000,317.5000,342.5000,319.1500,9.9500
2026-07-23 15:00:21,347.5000,317.5000,342.5000,319.0500,9.9300
2026-07-23 15:30:23,347.5000,315.0000,342.5000,315.4500,10.1600
2026-07-23 16:00:28,347.5000,317.5000,342.5000,318.2900,10.1900
2026-07-23 17:00:12,347.5000,317.5000,342.5000,319.3200,9.7600
2026-07-23 17:30:19,347.5000,320.0000,342.5000,320.1000,9.4500
2026-07-23 18:00:20,347.5000,317.5000,342.5000,319.6300,9.2700
