time,open,high,low,close,volume
2026-06-26 14:30:31,300.0000,290.0000,298.0000,299.0900,4.5500
2026-06-26 15:00:27,300.0000,290.0000,298.0000,298.4300,4.3900
2026-06-26 15:30:25,300.0000,290.0000,298.0000,298.0000,4.2500
2026-06-26 16:00:23,300.0000,292.0000,298.0000,299.9600,4.1900
2026-06-26 16:30:21,300.0000,290.0000,298.0000,298.5200,4.2900
2026-06-26 17:00:27,300.0000,290.0000,298.0000,298.7400,4.2200
2026-06-26 17:30:28,300.0000,290.0000,298.0000,298.7500,4.1500
2026-06-26 18:00:25,300.0000,290.0000,298.0000,297.8600,4.1100
2026-06-26 18:30:24,300.0000,290.0000,298.0000,298.1000,4.0400
2026-06-26 19:00:23,300.0000,290.0000,298.0000,297.2800,4.0800
2026-06-26 19:30:21,300.0000,290.0000,298.0000,297.0900,4.0100
2026-06-26 20:00:25,300.0000,290.0000,298.0000,297.1900,3.8400
2026-06-29 08:54:07,300.0000,290.0000,298.0000,299.1600,3.5700
2026-06-29 09:08:58,300.0000,290.0000,298.0000,299.1600,3.5700
2026-06-29 09:12:06,300.0000,290.0000,298.0000,299.1600,3.5700
2026-06-29 12:14:50,300.0000,290.0000,298.0000,299.3700,3.5700
2026-06-29 13:00:11,300.0000,290.0000,298.0000,299.7900,3.5700
2026-06-29 13:30:21,300.0000,290.0000,298.0000,299.4900,3.5700
2026-06-29 14:00:18,300.0000,290.0000,298.0000,298.9100,5.8400
2026-06-29 14:30:22,300.0000,290.0000,296.0000,295.1800,5.7000
2026-06-29 15:00:24,300.0000,290.0000,296.0000,296.8900,5.4800
2026-06-29 15:06:15,300.0000,290.0000,298.0000,297.0600,5.3800
2026-06-29 15:34:01,300.0000,290.0000,296.0000,295.7900,5.2900
2026-06-29 16:04:04,300.0000,290.0000,296.0000,296.6000,5.2400
2026-06-29 16:30:28,300.0000,290.0000,298.0000,297.0400,5.1200
2026-06-29 17:00:28,300.0000,290.0000,296.0000,296.7800,5.0600
2026-06-29 17:30:32,300.0000,290.0000,298.0000,297.9400,5.3000
2026-06-29 17:51:03,300.0000,290.0000,298.0000,297.6900,4.6700
2026-06-29 18:00:27,300.0000,290.0000,298.0000,297.6600,5.2700
2026-06-29 18:30:32,300.0000,290.0000,298.0000,298.0500,5.1900
2026-06-29 19:00:30,300.0000,290.0000,298.0000,298.2300,5.3400
2026-06-29 19:30:23,300.0000,290.0000,298.0000,298.3300,5.3700
2026-06-29 20:00:26,300.0000,290.0000,298.0000,298.4000,4.3900
2026-06-30 08:29:30,300.0000,290.0000,298.0000,298.9700,5.4300
2026-06-30 13:00:13,300.0000,292.0000,298.0000,299.1200,5.3000
2026-06-30 13:30:30,300.0000,292.0000,298.0000,298.2800,5.3700
2026-06-30 13:47:07,300.0000,292.0000,298.0000,298.4300,9.1700
2026-06-30 14:01:11,300.0000,292.0000,298.0000,298.5000,9.1500
2026-06-30 14:30:25,300.0000,297.0000,298.0000,299.6200,9.1300
2026-06-30 14:35:49,300.0000,297.0000,298.0000,299.4500,9.2300
2026-06-30 14:38:58,300.0000,297.0000,298.0000,299.8300,6.5400
2026-06-30 15:00:24,300.0000,297.0000,298.0000,299.6900,8.0600
2026-06-30 15:30:24,300.0000,297.0000,298.0000,299.8400,8.2800
2026-06-30 16:00:25,300.0000,297.0000,298.0000,299.4100,9.3900
2026-06-30 16:30:25,301.0000,297.0000,298.0000,300.0200,8.8400
2026-06-30 17:00:21,301.0000,292.0000,298.0000,300.4300,6.7000
2026-06-30 17:30:20,301.0000,292.0000,298.0000,300.2500,7.8300
2026-06-30 18:00:25,301.0000,292.0000,298.0000,300.8100,7.4900
2026-06-30 18:30:26,301.0000,292.0000,298.0000,300.4900,11.9200
2026-06-30 19:00:26,301.0000,292.0000,298.0000,300.4300,14.4500
2026-06-30 19:30:30,301.0000,292.0000,298.0000,300.9300,10.2700
2026-06-30 20:00:27,301.0000,292.0000,298.0000,300.5800,13.3500
2026-06-30 20:23:15,301.0000,297.0000,298.0000,300.1900,30.9000
2026-07-01 05:02:04,304.0000,296.0000,299.0000,300.4500,4.2600
2026-07-01 11:36:41,300.0000,296.0000,299.0000,299.5000,4.5300
2026-07-01 12:34:52,300.0000,296.0000,299.0000,299.6400,4.5400
2026-07-01 13:00:27,300.0000,296.0000,299.0000,299.3700,4.5400
2026-07-01 13:10:11,300.0000,296.0000,299.0000,299.4500,4.5400
2026-07-01 13:30:24,300.0000,296.0000,299.0000,298.9600,4.5300
2026-07-01 13:51:27,300.0000,296.0000,299.0000,299.5300,5.0300
2026-07-01 13:59:42,300.0000,296.0000,299.0000,299.5300,5.2800
2026-07-01 14:01:27,300.0000,296.0000,299.0000,299.8400,5.3300
2026-07-01 14:30:29,304.0000,296.0000,299.0000,302.0500,5.0400
2026-07-01 15:00:26,304.0000,296.0000,299.0000,301.1900,4.9100
2026-07-01 15:30:24,304.0000,296.0000,299.0000,301.8400,4.8700
2026-07-01 16:00:23,304.0000,296.0000,299.0000,302.4600,4.9400
2026-07-01 16:30:20,304.0000,296.0000,299.0000,302.0900,4.9100
2026-07-01 16:59:27,304.0000,296.0000,299.0000,301.8900,4.8700
2026-07-01 17:00:41,304.0000,296.0000,299.0000,301.8900,4.8900
2026-07-01 17:30:32,304.0000,296.0000,299.0000,301.4600,4.6700
2026-07-01 17:35:07,304.0000,296.0000,299.0000,301.5100,4.5900
2026-07-01 18:00:33,304.0000,296.0000,299.0000,301.0200,4.9600
2026-07-01 18:50:49,304.0000,296.0000,299.0000,300.4800,4.4300
2026-07-01 19:00:29,304.0000,296.0000,299.0000,300.3000,5.0200
2026-07-01 19:30:23,304.0000,296.0000,299.0000,300.4500,5.2100
2026-07-01 20:00:21,304.0000,296.0000,299.0000,300.1000,5.1500
2026-07-02 04:03:26,300.0000,296.0000,299.0000,299.3200,4.8800
2026-07-02 08:55:22,300.0000,296.0000,299.0000,299.3200,4.8800
2026-07-02 08:56:55,300.0000,296.0000,299.0000,299.3200,4.8800
2026-07-02 12:15:14,300.0000,295.0000,300.0000,299.9600,4.8600
2026-07-02 12:26:56,300.0000,295.0000,300.0000,299.9600,4.8600
2026-07-02 13:00:12,304.0000,295.0000,300.0000,300.5900,4.7600
2026-07-02 13:30:23,304.0000,295.0000,300.0000,301.1300,4.6800
2026-07-02 14:00:24,304.0000,295.0000,300.0000,301.5800,6.5300
2026-07-02 14:07:42,304.0000,295.0000,300.0000,302.0700,6.2200
2026-07-02 14:11:24,304.0000,295.0000,300.0000,301.5400,6.2500
2026-07-02 14:30:32,304.0000,295.0000,300.0000,301.4800,6.7200
2026-07-02 15:00:29,300.0000,295.0000,300.0000,298.8000,8.2500
2026-07-02 15:30:27,300.0000,295.0000,297.0000,297.6400,7.4600
2026-07-02 16:00:29,300.0000,295.0000,297.0000,298.1500,6.4600
2026-07-02 16:30:32,300.0000,295.0000,297.0000,297.5400,7.5000
2026-07-02 17:00:34,300.0000,295.0000,297.0000,296.7100,8.0700
2026-07-02 17:30:32,300.0000,295.0000,297.0000,296.1000,8.2200
2026-07-02 18:00:27,297.0000,295.0000,297.0000,295.5900,8.5100
2026-07-02 18:30:25,297.0000,295.0000,297.0000,295.9200,9.3400
2026-07-02 19:00:24,297.0000,295.0000,297.0000,296.3400,10.7100
2026-07-02 19:30:28,297.0000,295.0000,297.0000,295.4400,11.3300
2026-07-02 20:00:29,297.0000,296.0000,297.0000,296.1100,13.2200
2026-07-03 13:00:10,300.0000,290.0000,299.0000,297.5800,3.9100
2026-07-03 13:30:19,300.0000,290.0000,299.0000,297.5800,3.9100
2026-07-03 14:00:18,300.0000,290.0000,299.0000,297.5800,3.9100
2026-07-03 14:30:19,300.0000,290.0000,299.0000,297.5800,3.9100
2026-07-03 15:00:20,300.0000,290.0000,299.0000,297.5800,3.9100
2026-07-03 15:30:22,300.0000,290.0000,299.0000,297.5800,3.9100
2026-07-03 16:00:21,300.0000,290.0000,299.0000,297.5800,3.9100
2026-07-03 16:30:17,300.0000,290.0000,299.0000,297.5800,3.9100
2026-07-03 17:00:17,300.0000,290.0000,299.0000,297.5800,3.9100
2026-07-03 17:30:21,300.0000,290.0000,299.0000,297.5800,3.9100
2026-07-03 18:00:23,300.0000,290.0000,299.0000,297.5800,3.9100
2026-07-03 18:30:21,300.0000,290.0000,299.0000,297.5800,3.9100
2026-07-03 19:00:20,300.0000,290.0000,299.0000,297.5800,3.9100
2026-07-03 19:30:18,300.0000,290.0000,299.0000,297.5800,3.9100
2026-07-03 20:00:18,300.0000,290.0000,299.0000,297.5800,3.9100
2026-07-06 04:00:11,300.0000,290.0000,299.0000,297.5800,3.9100
2026-07-06 10:47:18,300.0000,290.0000,299.0000,297.9000,3.8500
2026-07-06 12:39:30,300.0000,290.0000,299.0000,298.0400,3.8600
2026-07-06 12:43:18,300.0000,290.0000,299.0000,298.0400,3.8600
2026-07-06 12:50:13,300.0000,290.0000,299.0000,298.0400,3.8600
2026-07-06 12:57:56,300.0000,290.0000,299.0000,298.0400,3.8600
2026-07-06 13:00:22,300.0000,290.0000,299.0000,298.0400,3.8600
2026-07-06 13:30:18,300.0000,290.0000,299.0000,297.9800,3.8500
2026-07-06 13:49:32,300.0000,290.0000,299.0000,299.0700,4.2800
2026-07-06 13:53:15,300.0000,290.0000,299.0000,299.1100,4.2600
2026-07-06 14:00:19,300.0000,290.0000,299.0000,299.3900,4.2400
2026-07-06 14:30:18,300.0000,290.0000,299.0000,299.0200,4.1000
2026-07-06 14:55:43,300.0000,290.0000,299.0000,299.1200,4.0500
2026-07-06 15:00:21,300.0000,290.0000,299.0000,299.1000,4.0400
2026-07-06 16:00:09,310.0000,290.0000,299.0000,300.1500,3.9400
2026-07-06 16:30:23,310.0000,290.0000,299.0000,300.1700,3.9400
2026-07-06 17:00:28,310.0000,290.0000,299.0000,300.2600,3.9200
2026-07-06 17:30:26,310.0000,290.0000,299.0000,300.2300,3.8800
2026-07-06 17:45:01,300.0000,290.0000,299.0000,299.9800,4.0100
2026-07-06 18:00:19,300.0000,290.0000,299.0000,299.5300,4.0000
2026-07-06 18:30:21,300.0000,290.0000,299.0000,299.8100,3.9900
2026-07-06 19:00:23,300.0000,290.0000,299.0000,299.3500,3.9600
2026-07-06 19:30:28,300.0000,290.0000,299.0000,299.0600,3.9400
2026-07-06 20:00:29,300.0000,290.0000,299.0000,299.2600,3.9000
2026-07-07 12:08:18,300.0000,290.0000,300.0000,299.5700,3.8900
2026-07-07 13:00:09,310.0000,290.0000,300.0000,300.1700,3.7800
2026-07-07 13:30:18,300.0000,290.0000,300.0000,299.6800,3.8900
2026-07-07 13:53:22,300.0000,290.0000,300.0000,298.9100,4.0700
2026-07-07 14:00:18,300.0000,290.0000,300.0000,298.3700,3.9700
2026-07-07 14:30:18,300.0000,290.0000,296.0000,296.0200,4.0500
2026-07-07 15:00:24,300.0000,290.0000,296.0000,295.7200,4.2000
2026-07-07 15:30:28,300.0000,290.0000,296.0000,296.8300,4.1300
2026-07-07 16:00:22,300.0000,290.0000,296.0000,296.5300,4.1600
2026-07-07 16:30:23,300.0000,290.0000,296.0000,297.1900,4.0800
2026-07-07 17:00:25,300.0000,290.0000,296.0000,297.3900,4.0200
2026-07-07 17:30:23,300.0000,290.0000,296.0000,297.5400,3.9800
2026-07-07 17:56:01,300.0000,290.0000,296.0000,297.3700,3.9400
2026-07-07 18:00:28,300.0000,290.0000,296.0000,297.4500,3.9600
2026-07-07 18:17:06,300.0000,290.0000,296.0000,297.4900,3.9500
2026-07-07 18:30:30,300.0000,290.0000,296.0000,297.3500,3.9100
2026-07-07 19:00:22,300.0000,290.0000,296.0000,296.9600,3.9500
2026-07-07 19:30:25,300.0000,290.0000,296.0000,295.9600,4.1100
2026-07-07 20:00:30,300.0000,290.0000,296.0000,295.9400,4.0400
2026-07-08 13:00:10,300.0000,290.0000,295.0000,293.4900,4.2300
2026-07-08 13:30:27,300.0000,290.0000,295.0000,294.3200,4.1900
2026-07-08 13:49:16,300.0000,290.0000,295.0000,294.4500,4.5800
2026-07-08 14:00:25,300.0000,290.0000,295.0000,294.4400,4.4300
2026-07-08 14:30:27,300.0000,290.0000,295.0000,293.5700,4.4900
2026-07-08 15:00:23,295.0000,290.0000,295.0000,293.0200,4.5500
2026-07-08 15:30:21,295.0000,290.0000,295.0000,291.9800,4.4600
2026-07-08 16:00:19,295.0000,290.0000,295.0000,291.0100,4.5300
2026-07-08 16:30:22,295.0000,290.0000,295.0000,292.1100,4.4000
2026-07-08 17:00:26,295.0000,290.0000,295.0000,292.7000,4.3100
2026-07-08 17:30:23,295.0000,290.0000,295.0000,292.7900,4.2400
2026-07-08 18:00:25,295.0000,290.0000,295.0000,293.1900,4.2600
2026-07-08 18:01:19,295.0000,290.0000,295.0000,293.0700,4.2600
2026-07-08 18:30:26,295.0000,290.0000,295.0000,293.6100,4.2500
2026-07-08 19:00:30,295.0000,290.0000,295.0000,293.2800,4.2500
2026-07-08 19:05:45,295.0000,290.0000,295.0000,293.3900,4.2300
2026-07-08 19:30:29,295.0000,290.0000,295.0000,293.2000,4.2400
2026-07-08 20:00:27,295.0000,290.0000,295.0000,293.0600,4.1500
2026-07-09 08:43:51,295.0000,290.0000,295.0000,293.4800,4.1700
2026-07-09 08:58:13,295.0000,290.0000,295.0000,293.4800,4.1700
2026-07-09 13:00:10,295.0000,290.0000,295.0000,294.7100,4.1400
2026-07-09 13:30:25,295.0000,290.0000,295.0000,294.8700,4.0600
2026-07-09 14:00:24,300.0000,290.0000,295.0000,295.6000,4.0700
2026-07-09 15:00:22,300.0000,290.0000,297.0000,297.2400,4.0800
2026-07-09 15:30:26,300.0000,290.0000,297.0000,297.2600,4.0000
2026-07-09 16:00:25,300.0000,290.0000,297.0000,297.2400,3.8700
2026-07-09 16:30:22,300.0000,290.0000,297.0000,297.2600,3.8600
2026-07-09 17:00:19,300.0000,290.0000,297.0000,297.1400,3.8400
2026-07-09 17:30:21,300.0000,290.0000,297.0000,297.3800,3.8400
2026-07-09 17:32:20,300.0000,290.0000,297.0000,297.4800,3.8300
2026-07-09 18:00:21,300.0000,290.0000,297.0000,297.7300,3.8600
2026-07-09 18:30:25,300.0000,290.0000,297.0000,297.7900,3.8400
2026-07-09 19:00:26,300.0000,290.0000,297.0000,297.5300,3.8000
2026-07-09 19:30:20,300.0000,290.0000,297.0000,297.6200,3.8900
2026-07-09 20:00:23,300.0000,290.0000,297.0000,297.4800,3.8000
2026-07-10 11:05:42,300.0000,290.0000,298.0000,297.0700,3.7200
2026-07-10 11:37:06,300.0000,290.0000,298.0000,297.0700,3.7200
2026-07-10 11:45:59,300.0000,290.0000,298.0000,297.0700,3.7200
2026-07-10 13:00:12,300.0000,290.0000,298.0000,297.5300,3.7200
2026-07-10 13:30:23,300.0000,290.0000,298.0000,297.8000,3.7200
2026-07-10 14:00:21,300.0000,290.0000,295.0000,296.0900,3.7400
2026-07-10 14:30:20,300.0000,290.0000,295.0000,295.5400,3.6700
2026-07-10 15:00:21,300.0000,290.0000,295.0000,295.4100,3.7900
2026-07-10 15:30:20,295.0000,290.0000,295.0000,294.9600,3.7400
2026-07-10 16:00:19,300.0000,290.0000,295.0000,295.0300,3.6700
2026-07-10 16:16:44,300.0000,290.0000,295.0000,295.4800,3.5300
2026-07-10 16:30:28,300.0000,290.0000,295.0000,295.2500,3.5200
2026-07-10 17:00:26,300.0000,290.0000,295.0000,295.4700,3.5400
2026-07-10 17:30:22,300.0000,290.0000,295.0000,295.6500,3.5400
2026-07-10 18:00:23,300.0000,290.0000,295.0000,296.2200,3.5000
2026-07-10 18:30:21,300.0000,290.0000,295.0000,296.2100,3.4900
2026-07-10 19:00:26,300.0000,290.0000,295.0000,296.0000,3.4700
2026-07-10 19:30:32,300.0000,290.0000,295.0000,296.2400,3.4200
2026-07-10 19:51:12,300.0000,290.0000,295.0000,295.8100,3.4200
2026-07-10 20:00:33,300.0000,290.0000,295.0000,296.0800,3.4300
2026-07-16 13:35:07,300.0000,290.0000,295.0000,294.6000,3.4100
2026-07-16 14:00:19,300.0000,290.0000,295.0000,296.1700,4.9400
2026-07-16 14:30:22,300.0000,290.0000,295.0000,297.6300,4.3500
2026-07-16 15:00:22,300.0000,290.0000,295.0000,297.2400,3.9000
2026-07-16 15:30:19,300.0000,290.0000,295.0000,296.7500,4.9200
2026-07-16 16:00:27,300.0000,290.0000,295.0000,296.7600,4.8600
2026-07-16 16:30:31,300.0000,290.0000,295.0000,295.8300,4.8400
2026-07-16 17:00:27,300.0000,290.0000,295.0000,295.8500,4.8000
2026-07-16 17:30:25,300.0000,290.0000,295.0000,295.8100,4.5700
2026-07-16 18:00:24,300.0000,290.0000,295.0000,295.3200,4.9500
2026-07-16 18:30:29,300.0000,290.0000,295.0000,295.2500,5.0800
2026-07-16 19:00:32,300.0000,290.0000,295.0000,295.3000,5.1000
2026-07-16 19:30:29,300.0000,290.0000,295.0000,294.7900,4.8400
2026-07-16 20:00:31,300.0000,290.0000,295.0000,294.6000,5.0500
2026-07-17 13:00:13,300.0000,290.0000,295.0000,293.4400,5.2300
2026-07-17 13:30:28,300.0000,290.0000,295.0000,292.4400,4.3200
2026-07-17 14:00:23,300.0000,290.0000,295.0000,293.6800,6.8500
2026-07-17 14:30:25,297.0000,290.0000,295.0000,295.5800,6.6900
2026-07-17 15:00:30,297.0000,290.0000,295.0000,295.0200,6.2300
2026-07-17 15:30:28,297.0000,290.0000,295.0000,293.8500,6.6000
2026-07-17 16:00:32,297.0000,290.0000,295.0000,293.8200,9.0400
2026-07-17 16:30:31,297.0000,290.0000,295.0000,294.6700,6.5400
2026-07-17 17:00:30,297.0000,290.0000,295.0000,294.3600,9.8900
2026-07-17 17:30:31,297.0000,290.0000,295.0000,295.0800,6.9700
2026-07-17 18:00:28,297.0000,294.0000,295.0000,294.8800,8.9000
2026-07-17 18:30:27,295.0000,290.0000,295.0000,293.9700,11.5300
2026-07-17 19:00:23,295.0000,290.0000,295.0000,293.4700,14.1400
2026-07-17 19:30:25,295.0000,290.0000,295.0000,293.1800,11.3900
2026-07-17 20:00:30,295.0000,293.0000,295.0000,293.7800,11.9700
2026-07-20 07:08:57,300.0000,290.0000,297.5000,294.0400,4.0500
2026-07-20 13:00:15,300.0000,290.0000,297.5000,295.6700,4.0400
2026-07-20 13:30:31,300.0000,290.0000,297.5000,294.6400,4.1000
2026-07-20 14:00:28,300.0000,290.0000,297.5000,295.4800,4.1600
2026-07-20 14:30:29,300.0000,290.0000,297.5000,294.1000,4.2300
2026-07-20 15:00:29,300.0000,290.0000,297.5000,293.3300,4.2400
2026-07-20 15:30:27,300.0000,290.0000,297.5000,293.6300,4.2000
2026-07-20 16:00:32,300.0000,290.0000,297.5000,293.8800,4.1200
2026-07-20 16:30:32,300.0000,290.0000,297.5000,294.3300,4.0800
2026-07-20 17:00:31,300.0000,290.0000,297.5000,293.5700,4.1200
2026-07-20 17:30:29,300.0000,290.0000,297.5000,293.5800,4.1300
2026-07-20 18:00:23,300.0000,290.0000,297.5000,293.5400,4.0900
2026-07-20 18:30:22,300.0000,290.0000,297.5000,293.8800,4.0300
2026-07-20 19:00:24,300.0000,290.0000,297.5000,293.3300,4.1100
2026-07-20 19:30:21,300.0000,290.0000,297.5000,292.7900,4.0700
2026-07-20 20:00:24,300.0000,290.0000,297.5000,292.9600,4.0100
2026-07-21 12:22:15,300.0000,290.0000,297.5000,293.8200,4.0500
2026-07-21 13:00:11,300.0000,290.0000,297.5000,293.8200,4.0500
2026-07-21 13:30:28,300.0000,290.0000,297.5000,293.4200,4.0600
2026-07-21 14:00:31,300.0000,290.0000,297.5000,293.1100,4.1500
2026-07-21 14:30:27,300.0000,290.0000,297.5000,294.6300,4.1200
2026-07-21 15:00:21,300.0000,290.0000,297.5000,294.6700,4.1000
2026-07-21 15:30:19,300.0000,290.0000,297.5000,294.9100,3.9800
2026-07-21 16:00:21,300.0000,290.0000,297.5000,295.2400,3.9700
2026-07-21 16:30:21,300.0000,290.0000,297.5000,295.6000,3.9800
2026-07-21 17:00:23,300.0000,290.0000,297.5000,295.8700,3.9700
2026-07-21 17:30:22,300.0000,290.0000,297.5000,295.9700,4.0300
2026-07-21 18:00:22,300.0000,290.0000,297.5000,295.9900,4.0100
2026-07-21 18:30:27,300.0000,290.0000,297.5000,296.1100,4.0300
2026-07-21 19:00:28,300.0000,290.0000,297.5000,296.1300,4.0200
2026-07-21 19:30:28,300.0000,290.0000,297.5000,295.9300,4.0500
2026-07-21 20:00:33,300.0000,290.0000,297.5000,296.3000,4.0500
2026-07-22 13:00:09,300.0000,290.0000,297.0000,295.5100,3.9800
2026-07-22 13:30:21,300.0000,290.0000,297.0000,295.2800,3.9800
2026-07-22 13:47:13,300.0000,290.0000,297.0000,295.8300,4.1400
2026-07-22 14:00:26,300.0000,290.0000,297.0000,295.6300,4.1000
2026-07-22 14:30:20,300.0000,290.0000,297.0000,295.8600,4.0000
2026-07-22 15:00:18,300.0000,290.0000,297.0000,294.5400,4.0500
2026-07-22 15:30:19,300.0000,290.0000,297.0000,294.6100,3.9900
2026-07-22 16:00:20,300.0000,290.0000,297.0000,294.6900,4.0200
2026-07-22 16:30:23,300.0000,290.0000,297.0000,294.8300,3.9600
2026-07-22 17:00:27,300.0000,290.0000,297.0000,294.6500,3.9900
2026-07-22 17:30:31,300.0000,290.0000,297.0000,294.3200,3.9600
2026-07-22 18:00:28,300.0000,290.0000,297.0000,294.4800,3.9700
2026-07-22 18:30:22,300.0000,290.0000,297.0000,293.9900,3.9800
2026-07-22 19:00:22,300.0000,290.0000,297.0000,294.1100,3.9900
2026-07-22 19:30:28,300.0000,290.0000,297.0000,293.6000,3.9800
2026-07-22 20:00:25,300.0000,290.0000,297.0000,293.6000,3.9800
2026-07-23 08:24:37,300.0000,290.0000,297.0000,293.7900,3.9500
2026-07-23 13:00:10,300.0000,290.0000,297.0000,291.3700,3.9500
2026-07-23 13:30:22,300.0000,290.0000,297.0000,290.5000,3.9400
2026-07-23 14:00:22,300.0000,290.0000,297.0000,292.7800,4.2700
2026-07-23 14:30:21,300.0000,290.0000,297.0000,292.3200,4.3300
2026-07-23 15:00:21,300.0000,290.0000,297.0000,291.8900,4.3700
2026-07-23 15:30:23,300.0000,290.0000,297.0000,290.8100,4.4500
2026-07-23 16:00:28,300.0000,290.0000,297.0000,291.1600,4.4600
2026-07-23 17:00:12,300.0000,290.0000,297.0000,291.6000,4.3100
2026-07-23 17:30:19,300.0000,290.0000,297.0000,291.4400,4.3400
2026-07-23 18:00:20,300.0000,290.0000,297.0000,291.1700,4.3100
2026-07-23 18:30:23,300.0000,290.0000,297.0000,291.0100,4.3200
2026-07-23 19:00:23,300.0000,290.0000,297.0000,291.2100,4.3300
2026-07-23 19:30:27,300.0000,290.0000,297.0000,291.3500,4.3700
2026-07-23 20:00:20,300.0000,290.0000,297.0000,291.6100,4.3700
2026-07-24 07:30:27,300.0000,290.0000,297.0000,292.0900,4.3200
2026-07-24 13:00:12,297.0000,290.0000,297.0000,293.4600,4.3600
2026-07-24 13:30:21,297.0000,290.0000,297.0000,293.1900,4.3600
2026-07-24 14:00:19,297.0000,290.0000,297.0000,292.4500,4.3800
2026-07-24 14:30:26,297.0000,290.0000,297.0000,292.1500,4.1800
2026-07-24 15:00:33,297.0000,290.0000,297.0000,290.8300,4.1500
2026-07-24 15:30:31,297.0000,290.0000,297.0000,292.8900,4.0500
2026-07-24 16:00:27,297.0000,290.0000,297.0000,293.4400,4.0100
2026-07-24 16:30:21,297.0000,290.0000,297.0000,293.4000,3.9900
2026-07-24 17:00:23,297.0000,290.0000,297.0000,292.9200,3.9700
2026-07-24 17:30:28,297.0000,290.0000,297.0000,292.4800,4.0900
2026-07-24 17:59:28,297.0000,290.0000,297.0000,292.8300,4.0600
2026-07-24 18:00:43,297.0000,290.0000,297.0000,292.7900,4.0600
2026-07-24 18:30:26,297.0000,290.0000,297.0000,292.4800,4.0600
2026-07-24 19:00:27,297.0000,290.0000,297.0000,291.5500,4.2300
2026-07-24 19:30:30,297.0000,290.0000,297.0000,291.0000,4.2800
2026-07-24 20:00:32,297.0000,290.0000,297.0000,291.2400,4.1400
2026-07-27 07:49:46,297.0000,290.0000,297.0000,291.1700,4.1800
2026-07-27 09:33:31,297.0000,290.0000,297.0000,291.1700,4.1800
2026-07-27 13:00:11,297.0000,290.0000,297.0000,294.0200,4.2100
2026-07-27 13:30:20,297.0000,290.0000,297.0000,294.5200,4.2100
2026-07-27 14:00:19,297.0000,290.0000,297.0000,294.8400,5.0100
2026-07-27 14:30:26,297.0000,290.0000,297.0000,293.5900,5.1800
2026-07-27 15:00:27,297.0000,290.0000,297.0000,291.6000,5.2700
2026-07-27 15:30:20,297.0000,290.0000,297.0000,292.8100,5.0400
2026-07-27 16:00:18,297.0000,290.0000,297.0000,291.6700,5.0700
2026-07-27 16:30:25,297.0000,290.0000,297.0000,291.7300,5.0100
2026-07-27 17:00:24,297.0000,290.0000,297.0000,292.5900,5.0400
2026-07-27 17:30:19,297.0000,290.0000,297.0000,291.8800,5.0200
2026-07-27 18:00:21,297.0000,290.0000,297.0000,291.8200,4.9900
2026-07-27 18:30:23,297.0000,290.0000,297.0000,292.2700,5.0000
2026-07-27 19:00:23,297.0000,290.0000,297.0000,292.2700,5.0500
2026-07-27 19:30:21,297.0000,290.0000,297.0000,292.8100,5.0100
2026-07-27 20:00:18,297.0000,290.0000,297.0000,293.0900,4.9600
2026-07-28 09:54:52,297.0000,290.0000,296.0000,293.0200,4.9900
2026-07-28 13:00:16,297.0000,290.0000,296.0000,293.1300,4.9900
2026-07-28 13:30:28,297.0000,290.0000,296.0000,293.2000,4.9800
2026-07-28 14:00:19,297.0000,290.0000,296.0000,291.6100,5.3300
2026-07-28 14:30:18,297.0000,290.0000,296.0000,290.8200,5.2400
2026-07-28 15:00:19,297.0000,290.0000,296.0000,291.2500,5.0500
2026-07-28 15:30:24,297.0000,290.0000,296.0000,292.0400,5.0000
2026-07-28 16:00:31,297.0000,290.0000,296.0000,293.3300,5.1100
2026-07-28 16:30:31,297.0000,290.0000,296.0000,293.0000,5.1000
2026-07-28 17:00:32,297.0000,290.0000,296.0000,293.1400,5.1100
2026-07-28 17:30:29,297.0000,290.0000,296.0000,293.0500,5.1700
2026-07-28 18:00:30,297.0000,290.0000,296.0000,292.8400,5.2800
2026-07-28 18:30:34,297.0000,290.0000,296.0000,292.7200,5.2800
2026-07-28 19:00:29,297.0000,290.0000,296.0000,292.9000,5.3700
2026-07-28 19:30:29,297.0000,290.0000,296.0000,293.0800,5.4800
2026-07-28 20:00:28,297.0000,290.0000,296.0000,293.1200,5.5000
2026-07-29 06:58:03,297.0000,290.0000,296.0000,293.3700,5.4400
2026-07-29 13:00:11,297.0000,290.0000,296.0000,293.8000,5.4400
2026-07-29 13:30:25,297.0000,290.0000,296.0000,292.5900,5.4400
2026-07-29 14:00:31,297.0000,290.0000,296.0000,292.8700,6.1800
2026-07-29 14:30:30,297.0000,290.0000,296.0000,290.3900,6.0500
2026-07-29 15:00:24,297.0000,285.0000,296.0000,289.3700,6.1900
2026-07-29 15:30:27,297.0000,285.0000,296.0000,289.7000,6.1300
2026-07-29 16:00:32,297.0000,285.0000,296.0000,289.3400,6.1200
2026-07-29 16:30:32,297.0000,285.0000,296.0000,288.4700,6.2500
2026-07-29 17:00:28,297.0000,285.0000,296.0000,288.6100,6.2600
2026-07-29 17:30:28,297.0000,285.0000,296.0000,289.7100,6.1700
2026-07-29 18:00:25,297.0000,285.0000,296.0000,289.6300,6.0100
2026-07-29 18:13:19,297.0000,290.0000,296.0000,290.0500,6.1100
2026-07-29 18:30:30,297.0000,290.0000,296.0000,291.1000,5.4900
2026-07-29 19:00:31,297.0000,290.0000,296.0000,292.3900,5.0800
2026-07-29 19:30:26,297.0000,290.0000,296.0000,292.3100,5.0900
2026-07-29 19:57:33,297.0000,285.0000,296.0000,289.2100,5.2600
2026-07-29 20:00:29,297.0000,285.0000,296.0000,288.8900,5.1800
2026-07-30 13:00:16,297.0000,285.0000,295.0000,289.9700,5.1600
2026-07-30 13:18:23,297.0000,290.0000,295.0000,290.6700,5.3100
2026-07-30 13:30:23,297.0000,290.0000,295.0000,290.6900,5.3100
2026-07-30 14:00:26,297.0000,290.0000,295.0000,290.5600,5.0200
2026-07-30 14:30:32,297.0000,285.0000,295.0000,289.6700,5.3400
2026-07-30 15:00:32,297.0000,290.0000,295.0000,290.4800,5.0800
2026-07-30 15:30:27,297.0000,285.0000,295.0000,289.2000,5.3900
2026-07-30 16:00:27,297.0000,290.0000,295.0000,290.4600,5.3200
2026-07-30 16:30:27,297.0000,290.0000,295.0000,290.8000,5.0300
2026-07-30 17:00:26,297.0000,290.0000,295.0000,290.5800,4.9400
2026-07-30 17:30:27,297.0000,290.0000,295.0000,291.1900,4.9600
2026-07-30 18:00:26,297.0000,290.0000,295.0000,291.2900,4.9800
2026-07-30 18:30:29,297.0000,290.0000,295.0000,291.3900,5.0300
