time,open,high,low,close,volume
2026-06-25 13:00:22,572.5000,545.0000,570.0000,554.5000,14.6800
2026-06-25 13:30:21,572.5000,545.0000,570.0000,554.9900,14.7700
2026-06-25 14:00:22,572.5000,540.0000,570.0000,544.1800,17.0800
2026-06-25 14:30:23,572.5000,545.0000,570.0000,551.1800,15.9400
2026-06-25 15:00:22,572.5000,545.0000,570.0000,553.8100,14.8300
2026-06-25 15:30:21,572.5000,545.0000,570.0000,549.9400,15.4700
2026-06-25 16:00:23,572.5000,545.0000,570.0000,551.7100,15.1600
2026-06-25 16:30:26,572.5000,545.0000,570.0000,548.1100,12.9100
2026-06-25 17:00:25,572.5000,545.0000,570.0000,546.8900,14.7000
2026-06-25 17:30:24,572.5000,545.0000,570.0000,545.6600,14.6800
2026-06-25 18:00:26,572.5000,540.0000,565.0000,543.6100,13.1400
2026-06-25 18:30:25,572.5000,540.0000,565.0000,544.9600,12.7900
2026-06-25 19:00:28,572.5000,545.0000,570.0000,546.5400,12.7400
2026-06-25 19:30:31,572.5000,545.0000,570.0000,546.2400,15.4600
2026-06-25 20:00:27,572.5000,540.0000,565.0000,544.4900,12.8500
2026-06-26 07:27:45,572.5000,545.0000,565.0000,545.0000,14.0600
2026-06-26 07:47:30,572.5000,545.0000,565.0000,545.0000,14.0600
2026-06-26 13:00:12,557.5000,545.0000,552.5000,545.5000,14.5100
2026-06-26 13:30:23,557.5000,545.0000,552.5000,545.4100,14.6200
2026-06-26 14:00:20,557.5000,545.0000,552.5000,545.4500,21.9300
2026-06-26 14:17:38,557.5000,540.0000,552.5000,544.2400,20.6100
2026-06-26 14:30:31,557.5000,545.0000,552.5000,549.2700,20.6400
2026-06-26 15:00:27,557.5000,545.0000,552.5000,551.4800,20.2800
2026-06-26 15:30:25,557.5000,545.0000,552.5000,553.7500,18.7300
2026-06-26 16:00:23,557.5000,545.0000,557.5000,556.4100,20.6200
2026-06-26 16:30:21,557.5000,545.0000,557.5000,555.5100,20.7300
2026-06-26 17:00:27,557.5000,545.0000,552.5000,553.5900,21.2700
2026-06-26 17:30:28,557.5000,545.0000,552.5000,553.4100,18.6200
2026-06-26 18:00:25,557.5000,545.0000,552.5000,554.3500,22.3000
2026-06-26 18:30:24,557.5000,555.0000,557.5000,555.3600,23.8600
2026-06-26 19:00:23,557.5000,545.0000,552.5000,552.1500,25.1700
2026-06-26 19:30:21,552.5000,545.0000,552.5000,550.1300,30.3400
2026-06-26 20:00:25,552.5000,545.0000,552.5000,549.7800,39.0600
2026-06-29 08:54:07,580.0000,550.0000,555.0000,551.0900,11.5100
2026-06-29 09:08:58,580.0000,550.0000,555.0000,556.6500,10.9400
2026-06-29 09:12:06,580.0000,550.0000,555.0000,556.6500,10.9400
2026-06-29 12:14:50,580.0000,550.0000,562.5000,560.9700,10.5900
2026-06-29 13:00:11,580.0000,550.0000,562.5000,560.2000,10.6100
2026-06-29 13:30:21,580.0000,550.0000,562.5000,560.3000,10.8800
2026-06-29 14:00:18,580.0000,565.0000,567.5000,565.2900,14.9900
2026-06-29 14:30:22,580.0000,565.0000,567.5000,565.2300,15.2600
2026-06-29 15:00:24,580.0000,565.0000,567.5000,568.4400,14.6600
2026-06-29 15:06:15,580.0000,565.0000,567.5000,566.8600,14.7800
2026-06-29 16:04:04,580.0000,565.0000,567.5000,565.6300,14.1100
2026-06-29 16:30:28,580.0000,550.0000,562.5000,563.8000,14.0800
2026-06-29 17:00:28,580.0000,550.0000,562.5000,563.9500,14.2500
2026-06-29 17:30:32,580.0000,565.0000,567.5000,565.6800,14.1900
2026-06-29 17:51:03,580.0000,565.0000,567.5000,565.1600,14.2100
2026-06-29 18:00:27,580.0000,565.0000,567.5000,565.4500,14.1700
2026-06-29 18:30:32,580.0000,565.0000,567.5000,565.3300,14.1900
2026-06-29 19:00:30,580.0000,565.0000,567.5000,566.1100,14.2000
2026-06-29 19:30:23,580.0000,565.0000,567.5000,565.8600,14.1700
2026-06-29 20:00:26,580.0000,565.0000,567.5000,566.3600,14.3800
2026-06-30 08:29:30,580.0000,550.0000,562.5000,563.4800,14.1700
2026-06-30 13:00:13,600.0000,550.0000,562.5000,559.9900,14.3900
2026-06-30 13:30:30,600.0000,550.0000,562.5000,560.3700,14.3300
2026-06-30 13:47:07,600.0000,550.0000,562.5000,559.8000,15.7600
2026-06-30 14:01:11,600.0000,550.0000,555.0000,557.1100,14.9700
2026-06-30 14:30:25,600.0000,550.0000,555.0000,554.6100,14.3600
2026-06-30 14:35:49,600.0000,550.0000,555.0000,555.8900,14.1800
2026-06-30 14:38:58,600.0000,550.0000,555.0000,556.5000,13.9400
2026-06-30 15:00:24,600.0000,550.0000,555.0000,554.7800,14.5400
2026-06-30 15:30:24,570.0000,550.0000,555.0000,554.5500,13.8300
2026-06-30 16:00:25,600.0000,550.0000,555.0000,556.8700,13.6000
2026-06-30 16:30:25,570.0000,550.0000,555.0000,556.2300,14.2600
2026-06-30 17:00:21,570.0000,550.0000,555.0000,557.3200,14.2600
2026-06-30 17:30:20,600.0000,550.0000,555.0000,558.2800,14.2000
2026-06-30 18:00:25,600.0000,550.0000,562.5000,559.4800,14.2000
2026-06-30 18:30:26,600.0000,550.0000,562.5000,560.3700,14.0700
2026-06-30 19:00:26,600.0000,550.0000,562.5000,559.4700,14.0700
2026-06-30 19:30:30,600.0000,550.0000,562.5000,560.7700,14.0900
2026-06-30 20:00:27,600.0000,550.0000,562.5000,562.1600,13.7300
2026-06-30 20:23:15,600.0000,550.0000,562.5000,564.0000,13.3200
2026-07-01 05:02:04,600.0000,550.0000,562.5000,562.0500,13.4100
2026-07-01 11:36:41,580.0000,550.0000,567.5000,566.1600,13.1500
2026-07-01 12:34:52,580.0000,550.0000,567.5000,566.8000,12.8900
2026-07-01 13:00:27,610.0000,550.0000,577.5000,602.7500,12.0600
2026-07-01 13:10:11,600.0000,550.0000,577.5000,597.0000,11.9000
2026-07-01 13:30:24,610.0000,550.0000,577.5000,604.9500,12.0100
2026-07-01 13:51:27,610.0000,550.0000,577.5000,602.0400,23.5600
2026-07-01 13:59:42,610.0000,550.0000,577.5000,601.7300,23.8800
2026-07-01 14:01:27,610.0000,565.0000,577.5000,601.4700,23.8000
2026-07-01 14:30:29,620.0000,565.0000,577.5000,610.2300,21.6900
2026-07-01 15:00:26,630.0000,550.0000,577.5000,623.5400,21.9500
2026-07-01 15:30:24,630.0000,550.0000,577.5000,626.7600,24.0200
2026-07-01 16:00:23,620.0000,550.0000,577.5000,618.7400,23.4200
2026-07-01 16:30:20,630.0000,550.0000,577.5000,620.2000,22.9600
2026-07-01 16:59:27,620.0000,550.0000,577.5000,618.0800,22.5100
2026-07-01 17:00:41,620.0000,550.0000,577.5000,618.5100,22.5000
2026-07-01 17:30:32,620.0000,565.0000,577.5000,618.2500,22.0700
2026-07-01 17:35:07,620.0000,565.0000,577.5000,618.4000,21.7300
2026-07-01 18:00:33,620.0000,550.0000,577.5000,619.0700,20.4700
2026-07-01 18:50:49,630.0000,565.0000,577.5000,620.5800,22.2200
2026-07-01 19:00:29,620.0000,550.0000,577.5000,619.5400,22.1700
2026-07-01 19:30:23,620.0000,550.0000,577.5000,616.3200,21.7400
2026-07-01 20:00:21,620.0000,550.0000,577.5000,616.4400,21.2900
2026-07-02 04:03:26,620.0000,565.0000,577.5000,612.1000,21.0200
2026-07-02 08:55:22,620.0000,565.0000,577.5000,612.1000,21.0200
2026-07-02 08:56:55,620.0000,565.0000,577.5000,612.1000,21.0200
2026-07-02 12:15:14,620.0000,575.0000,615.0000,614.0000,20.7100
2026-07-02 12:26:56,610.0000,575.0000,615.0000,608.0800,21.0300
2026-07-02 13:00:12,610.0000,575.0000,597.5000,604.0000,21.2200
2026-07-02 13:30:23,610.0000,575.0000,615.0000,608.0000,20.9900
2026-07-02 14:00:24,600.0000,585.0000,597.5000,596.2600,27.6600
2026-07-02 14:07:42,600.0000,585.0000,592.5000,594.2500,25.4100
2026-07-02 14:11:24,600.0000,585.0000,592.5000,593.0300,28.0300
2026-07-02 14:30:32,600.0000,585.0000,592.5000,592.2700,24.4700
2026-07-02 15:00:29,600.0000,585.0000,587.5000,588.5600,22.2100
2026-07-02 15:30:27,600.0000,585.0000,587.5000,588.2300,23.3900
2026-07-02 16:00:29,600.0000,585.0000,587.5000,588.0000,20.4600
2026-07-02 16:30:32,600.0000,585.0000,587.5000,585.4800,21.1200
2026-07-02 17:00:34,600.0000,585.0000,587.5000,586.2200,23.2600
2026-07-02 17:30:32,600.0000,585.0000,587.5000,585.3400,20.0700
2026-07-02 18:00:27,590.0000,575.0000,582.5000,584.6000,22.7000
2026-07-02 18:30:25,590.0000,585.0000,587.5000,586.4000,21.3600
2026-07-02 19:00:24,590.0000,585.0000,587.5000,585.6600,24.3700
2026-07-02 19:30:28,590.0000,585.0000,587.5000,585.9300,27.4200
2026-07-02 20:00:29,590.0000,575.0000,582.5000,584.0800,38.0300
2026-07-03 13:00:10,650.0000,550.0000,585.0000,584.8800,12.9800
2026-07-03 13:30:19,650.0000,550.0000,585.0000,584.8800,12.9800
2026-07-03 14:00:18,650.0000,550.0000,585.0000,584.8800,12.9800
2026-07-03 14:30:19,650.0000,550.0000,585.0000,584.8800,12.9800
2026-07-03 15:00:20,650.0000,550.0000,585.0000,584.8800,12.9800
2026-07-03 15:30:22,650.0000,550.0000,585.0000,584.8800,12.9800
2026-07-03 16:00:21,650.0000,550.0000,585.0000,584.8800,12.9800
2026-07-03 16:30:17,650.0000,550.0000,585.0000,584.8800,12.9800
2026-07-03 17:00:17,650.0000,550.0000,585.0000,584.8800,12.9800
2026-07-03 17:30:21,650.0000,550.0000,585.0000,584.8800,12.9800
2026-07-03 18:00:23,650.0000,550.0000,585.0000,584.8800,12.9800
2026-07-03 18:30:21,650.0000,550.0000,585.0000,584.8800,12.9800
2026-07-03 19:00:20,650.0000,550.0000,585.0000,584.8800,12.9800
2026-07-03 19:30:18,650.0000,550.0000,585.0000,584.8800,12.9800
2026-07-03 20:00:18,650.0000,550.0000,585.0000,584.8800,12.9800
2026-07-06 04:00:11,650.0000,550.0000,585.0000,584.8800,12.9800
2026-07-06 10:47:18,650.0000,550.0000,592.5000,593.0100,13.1600
2026-07-06 12:39:30,650.0000,550.0000,592.5000,591.5000,13.1200
2026-07-06 12:43:18,650.0000,550.0000,592.5000,591.5000,13.1200
2026-07-06 12:50:13,650.0000,550.0000,592.5000,591.5000,13.1200
2026-07-06 12:57:56,650.0000,550.0000,592.5000,591.5000,13.1200
2026-07-06 13:00:22,650.0000,550.0000,592.5000,591.5000,13.1200
2026-07-06 13:30:18,650.0000,550.0000,590.0000,591.2000,13.1300
2026-07-06 13:49:32,650.0000,550.0000,592.5000,594.6200,14.4200
2026-07-06 13:53:15,650.0000,550.0000,592.5000,591.4300,14.1700
2026-07-06 14:00:19,650.0000,550.0000,585.0000,585.7500,14.1100
2026-07-06 14:30:18,650.0000,550.0000,585.0000,587.2600,13.8300
2026-07-06 14:55:43,650.0000,550.0000,585.0000,587.3900,13.7600
2026-07-06 15:00:21,650.0000,550.0000,585.0000,587.5000,13.6900
2026-07-06 16:00:09,650.0000,550.0000,592.5000,592.4200,13.8800
2026-07-06 16:30:23,650.0000,550.0000,592.5000,592.6100,13.7600
2026-07-06 17:00:28,650.0000,550.0000,592.5000,592.2100,13.9700
2026-07-06 17:30:26,650.0000,550.0000,592.5000,593.8400,13.9800
2026-07-06 17:45:01,650.0000,550.0000,592.5000,594.4900,13.9700
2026-07-06 18:00:19,650.0000,550.0000,592.5000,594.1700,13.8900
2026-07-06 18:30:21,650.0000,550.0000,600.0000,596.3900,14.1500
2026-07-06 19:00:23,650.0000,550.0000,600.0000,600.4000,14.6100
2026-07-06 19:30:28,650.0000,550.0000,600.0000,600.3100,14.6100
2026-07-06 20:00:29,650.0000,550.0000,600.0000,602.8100,14.6400
2026-07-07 12:08:18,650.0000,550.0000,600.0000,606.2300,14.7900
2026-07-07 13:00:09,650.0000,550.0000,600.0000,602.6700,14.6600
2026-07-07 13:30:18,650.0000,550.0000,600.0000,602.9900,14.6800
2026-07-07 13:53:22,650.0000,550.0000,600.0000,608.1300,15.0800
2026-07-07 14:00:18,650.0000,550.0000,600.0000,612.9000,15.1100
2026-07-07 14:30:18,650.0000,550.0000,600.0000,612.4100,15.0800
2026-07-07 15:00:24,650.0000,550.0000,600.0000,609.8100,14.9800
2026-07-07 15:30:28,650.0000,550.0000,600.0000,604.4300,14.5300
2026-07-07 16:00:22,650.0000,550.0000,600.0000,605.2500,14.6100
2026-07-07 16:30:23,650.0000,550.0000,600.0000,605.1900,14.4300
2026-07-07 17:00:25,650.0000,550.0000,600.0000,608.0000,14.5200
2026-07-07 17:30:23,650.0000,550.0000,600.0000,605.5100,14.5300
2026-07-07 17:56:01,650.0000,550.0000,600.0000,607.7200,14.6200
2026-07-07 18:00:28,650.0000,550.0000,600.0000,607.7900,14.6000
2026-07-07 18:17:06,650.0000,550.0000,600.0000,613.1600,15.3100
2026-07-07 18:30:30,650.0000,550.0000,600.0000,619.6300,15.8800
2026-07-07 19:00:22,650.0000,550.0000,600.0000,619.4500,15.6300
2026-07-07 19:30:25,650.0000,550.0000,600.0000,619.5500,15.9300
2026-07-07 20:00:30,650.0000,550.0000,600.0000,614.4800,15.5700
2026-07-08 13:00:10,650.0000,550.0000,610.0000,608.8800,15.7400
2026-07-08 13:30:27,650.0000,550.0000,610.0000,609.2000,15.7400
2026-07-08 13:49:16,650.0000,550.0000,610.0000,609.0500,15.7800
2026-07-08 14:00:25,650.0000,550.0000,600.0000,602.8200,15.3800
2026-07-08 14:30:27,650.0000,550.0000,600.0000,604.4700,15.3500
2026-07-08 15:00:23,650.0000,550.0000,600.0000,601.6200,15.0400
2026-07-08 15:30:21,650.0000,550.0000,600.0000,602.4500,15.0100
2026-07-08 16:00:19,650.0000,550.0000,600.0000,603.7600,15.0100
2026-07-08 16:30:22,650.0000,550.0000,600.0000,604.1700,14.7200
2026-07-08 17:00:26,650.0000,550.0000,600.0000,604.1000,14.6700
2026-07-08 17:30:23,650.0000,550.0000,600.0000,604.7300,14.6300
2026-07-08 18:00:25,650.0000,550.0000,610.0000,605.4000,14.5500
2026-07-08 18:01:19,650.0000,550.0000,610.0000,605.4000,14.5400
2026-07-08 18:30:26,650.0000,550.0000,610.0000,605.2700,14.4500
2026-07-08 19:00:30,650.0000,550.0000,610.0000,605.8000,14.5100
2026-07-08 19:05:45,650.0000,550.0000,610.0000,606.5800,14.5200
2026-07-08 19:30:29,650.0000,550.0000,
2026-09-02 16:30:21,600.0000,570.0000,580.0000,593.5100,15.9900
0.0000,603.8000,15.0400
2026-07-09 08:58:13,650.0000,550.0000,600.0000,603.8000,15.0400
2026-07-09 13:00:10,650.0000,550.0000,582.5000,583.3000,14.9000
2026-07-09 13:30:25,650.0000,550.0000,582.5000,581.2700,14.8500
2026-07-09 14:00:24,650.0000,550.0000,585.0000,586.8900,15.2300
2026-07-09 14:30:19,650.0000,550.0000,592.5000,591.7500,15.8600
2026-07-09 15:00:22,650.0000,550.0000,592.5000,592.9000,15.2500
2026-07-09 15:30:26,650.0000,550.0000,605.0000,602.7700,15.5200
2026-07-09 16:00:25,650.0000,550.0000,605.0000,606.7200,15.6700
2026-07-09 16:30:22,650.0000,550.0000,610.0000,610.2400,15.8000
2026-07-09 17:00:19,650.0000,580.0000,610.0000,613.4000,15.9800
2026-07-09 17:30:21,650.0000,550.0000,610.0000,612.1300,15.7700
2026-07-09 17:32:20,650.0000,580.0000,610.0000,612.5900,15.8900
2026-07-09 18:00:21,650.0000,550.0000,610.0000,611.5800,15.7700
2026-07-09 18:30:25,650.0000,580.0000,617.5000,615.9300,16.0500
2026-07-09 19:00:26,650.0000,580.0000,617.5000,616.3400,16.0000
2026-07-09 19:30:20,650.0000,580.0000,617.5000,618.4300,16.3100
2026-07-09 20:00:23,650.0000,580.0000,617.5000,627.6900,17.6900
2026-07-10 11:05:42,650.0000,615.0000,630.0000,649.9000,18.6900
2026-07-10 11:37:06,700.0000,615.0000,630.0000,655.2000,18.9200
2026-07-10 11:45:59,700.0000,615.0000,630.0000,654.5000,18.9000
2026-07-10 13:00:12,700.0000,615.0000,630.0000,654.4000,18.9000
2026-07-10 13:30:23,700.0000,580.0000,630.0000,658.3100,19.0600
2026-07-10 14:00:21,700.0000,615.0000,630.0000,664.3100,21.5200
2026-07-10 14:30:20,700.0000,615.0000,630.0000,667.3100,21.9000
2026-07-10 15:00:21,700.0000,615.0000,630.0000,667.1700,21.7700
2026-07-10 15:30:20,700.0000,615.0000,630.0000,670.7000,21.3200
2026-07-10 16:00:19,700.0000,615.0000,630.0000,670.7300,21.5700
2026-07-10 16:16:44,700.0000,615.0000,630.0000,669.8700,21.1200
2026-07-10 16:30:28,700.0000,615.0000,630.0000,670.5700,21.4600
2026-07-10 17:00:26,700.0000,615.0000,630.0000,667.5500,21.0200
2026-07-10 17:30:22,700.0000,615.0000,630.0000,663.9500,20.4200
2026-07-10 18:00:23,700.0000,615.0000,630.0000,663.1600,20.1300
2026-07-10 18:30:21,700.0000,615.0000,630.0000,670.1100,21.0500
2026-07-10 19:00:26,700.0000,615.0000,630.0000,669.8000,20.6800
2026-07-10 19:30:32,700.0000,615.0000,630.0000,669.9300,20.5800
2026-07-10 19:51:12,700.0000,615.0000,630.0000,665.7400,20.0500
2026-07-10 20:00:33,700.0000,615.0000,630.0000,665.8800,19.9500
2026-07-16 13:35:07,700.0000,652.5000,655.0000,681.8000,22.2700
2026-07-16 14:00:19,700.0000,652.5000,655.0000,668.6300,23.4100
2026-07-16 14:30:22,700.0000,652.5000,655.0000,672.2300,22.9300
2026-07-16 15:00:22,700.0000,652.5000,655.0000,678.2600,23.4800
2026-07-16 15:30:19,700.0000,652.5000,655.0000,677.8100,22.4200
2026-07-16 16:00:27,700.0000,652.5000,655.0000,676.1000,22.2800
2026-07-16 16:30:31,700.0000,652.5000,655.0000,671.5000,22.2700
2026-07-16 17:00:27,700.0000,652.5000,655.0000,668.3900,21.8700
2026-07-16 17:30:25,700.0000,652.5000,655.0000,668.9500,19.6900
2026-07-16 18:00:24,700.0000,652.5000,655.0000,668.8100,21.9900
2026-07-16 19:00:32,700.0000,652.5000,655.0000,668.6500,22.8000
2026-07-16 19:30:29,700.0000,652.5000,655.0000,665.2800,22.5300
2026-07-16 20:00:31,700.0000,652.5000,655.0000,662.2900,21.8900
2026-07-17 13:00:13,700.0000,647.5000,650.0000,652.2000,21.4400
2026-07-17 13:30:28,650.0000,642.5000,650.0000,646.0000,20.8200
2026-07-17 14:00:23,650.0000,632.5000,640.0000,641.0000,30.3000
2026-07-17 14:30:25,650.0000,632.5000,635.0000,636.0600,28.1700
2026-07-17 15:00:30,650.0000,632.5000,635.0000,634.4400,26.4000
2026-07-17 15:30:28,635.0000,615.0000,630.0000,627.6900,26.7300
2026-07-17 16:00:32,635.0000,615.0000,630.0000,630.2200,29.0900
2026-07-17 16:30:31,635.0000,632.5000,635.0000,633.5300,25.9700
2026-07-17 17:00:30,650.0000,642.5000,650.0000,646.7100,32.9100
