time,open,high,low,close,volume
2026-05-27 19:00:28,420.0000,410.0000,415.0000,412.3700,8.5100
2026-05-27 19:30:27,420.0000,410.0000,415.0000,412.4300,8.5100
2026-05-27 20:00:28,420.0000,410.0000,415.0000,413.1000,8.9000
2026-05-28 09:08:05,420.0000,410.0000,415.0000,414.5000,9.1600
2026-05-28 13:00:12,420.0000,410.0000,415.0000,415.0000,9.1100
2026-05-28 13:30:27,420.0000,410.0000,415.0000,415.8200,9.3100
2026-05-28 14:00:31,420.0000,410.0000,415.0000,418.6700,10.9900
2026-05-28 14:30:30,430.0000,410.0000,415.0000,426.1200,10.6100
2026-05-28 15:00:28,430.0000,410.0000,415.0000,425.7700,9.9300
2026-05-28 15:30:29,425.0000,410.0000,415.0000,423.7400,9.8400
2026-05-28 15:34:56,425.0000,410.0000,415.0000,423.7500,10.6100
2026-05-28 15:45:44,430.0000,410.0000,415.0000,425.2900,10.2900
2026-05-28 15:48:08,425.0000,410.0000,415.0000,424.5500,10.2900
2026-05-28 16:00:25,430.0000,410.0000,415.0000,424.8900,9.9100
2026-05-28 16:30:27,425.0000,410.0000,415.0000,424.0900,9.5000
2026-05-28 16:59:11,430.0000,410.0000,415.0000,425.7100,9.6900
2026-05-28 17:00:24,430.0000,410.0000,415.0000,425.8500,10.3800
2026-05-28 17:30:28,425.0000,410.0000,415.0000,424.8600,10.3300
2026-05-28 18:00:31,430.0000,410.0000,415.0000,426.8500,9.8300
2026-05-28 18:30:27,430.0000,410.0000,415.0000,428.2700,10.4100
2026-05-28 19:00:26,430.0000,410.0000,415.0000,426.2600,10.1800
2026-05-28 19:20:57,430.0000,410.0000,415.0000,426.7800,9.4000
2026-05-28 19:30:28,430.0000,410.0000,415.0000,426.5100,9.8700
2026-05-28 20:00:30,430.0000,410.0000,415.0000,426.3900,10.0900
2026-05-29 05:44:50,430.0000,410.0000,415.0000,427.7000,10.0700
2026-05-29 08:47:44,430.0000,410.0000,415.0000,427.7000,10.0700
2026-05-29 13:00:15,435.0000,410.0000,420.0000,432.8600,11.7500
2026-05-29 13:30:32,435.0000,410.0000,420.0000,433.7300,12.0300
2026-05-29 14:00:26,450.0000,410.0000,420.0000,440.6000,18.8100
2026-05-29 14:30:24,450.0000,410.0000,420.0000,440.8300,13.9600
2026-05-29 15:00:31,450.0000,410.0000,420.0000,442.3900,16.7300
2026-05-29 15:30:29,450.0000,410.0000,420.0000,445.2800,17.0300
2026-05-29 16:00:26,450.0000,410.0000,420.0000,442.8700,15.9000
2026-05-29 16:30:29,445.0000,410.0000,420.0000,443.1400,16.0000
2026-05-29 17:00:27,450.0000,410.0000,420.0000,444.5200,15.8600
2026-05-29 17:30:23,445.0000,410.0000,420.0000,443.7800,15.1900
2026-05-29 18:00:21,445.0000,410.0000,420.0000,443.7200,14.2300
2026-05-29 18:30:21,442.5000,410.0000,420.0000,442.3800,20.3500
2026-05-29 19:00:29,445.0000,410.0000,420.0000,442.7200,15.0500
2026-05-29 19:30:30,445.0000,410.0000,420.0000,442.5800,27.6300
2026-05-29 20:00:31,445.0000,410.0000,420.0000,442.9200,37.1000
2026-06-01 04:00:10,480.0000,410.0000,425.0000,449.9900,9.5700
2026-06-01 07:35:38,480.0000,410.0000,425.0000,449.9900,9.5700
2026-06-01 13:00:09,470.0000,410.0000,425.0000,468.0500,10.7100
2026-06-01 13:30:21,470.0000,410.0000,425.0000,463.2600,10.5800
2026-06-01 14:00:21,470.0000,410.0000,425.0000,462.5500,13.5100
2026-06-01 14:27:47,470.0000,410.0000,425.0000,460.8700,13.0900
2026-06-01 14:30:27,470.0000,410.0000,425.0000,460.5000,13.0600
2026-06-01 15:00:24,470.0000,410.0000,425.0000,461.5000,13.2300
2026-06-01 15:30:24,470.0000,410.0000,425.0000,461.3600,13.0900
2026-06-01 15:41:46,470.0000,410.0000,425.0000,460.4900,12.8600
2026-06-01 16:00:22,470.0000,410.0000,425.0000,461.2400,13.2400
2026-06-01 16:30:22,470.0000,410.0000,425.0000,460.5800,13.4500
2026-06-01 17:00:23,470.0000,410.0000,425.0000,462.1100,13.2900
2026-06-01 17:28:36,470.0000,410.0000,425.0000,460.8500,13.2300
2026-06-01 17:30:23,470.0000,410.0000,425.0000,460.7900,13.2100
2026-06-01 18:00:25,470.0000,410.0000,425.0000,459.6800,13.4400
2026-06-01 18:30:29,470.0000,410.0000,425.0000,461.0600,13.5400
2026-06-01 19:00:27,470.0000,410.0000,425.0000,460.8800,13.2900
2026-06-01 19:30:30,470.0000,410.0000,425.0000,462.3300,13.3400
2026-06-01 20:00:26,470.0000,410.0000,425.0000,462.4500,13.5200
2026-06-02 10:56:07,470.0000,442.5000,445.0000,448.9100,13.5200
2026-06-02 13:00:15,470.0000,442.5000,445.0000,447.2100,13.5800
2026-06-02 13:30:28,470.0000,442.5000,445.0000,446.5400,13.5500
2026-06-02 14:00:29,470.0000,442.5000,445.0000,445.3700,13.7800
2026-06-02 14:30:33,470.0000,442.5000,445.0000,446.8300,13.2200
2026-06-02 15:00:31,470.0000,442.5000,445.0000,443.0800,13.1700
2026-06-02 15:30:25,470.0000,442.5000,445.0000,442.9200,13.2100
2026-06-02 16:00:25,470.0000,442.5000,445.0000,444.3800,13.4300
2026-06-02 16:30:27,470.0000,442.5000,445.0000,444.2900,13.4400
2026-06-02 17:00:27,470.0000,442.5000,445.0000,443.1900,13.1200
2026-06-02 17:30:30,470.0000,442.5000,445.0000,445.2500,12.9700
2026-06-02 18:00:29,470.0000,442.5000,445.0000,444.0100,12.4700
2026-06-02 18:30:25,470.0000,410.0000,440.0000,442.4600,12.1000
2026-06-02 19:00:29,470.0000,410.0000,440.0000,441.7900,12.1900
2026-06-02 19:30:33,470.0000,410.0000,440.0000,442.0100,11.9300
2026-06-02 20:00:33,470.0000,410.0000,440.0000,441.7900,11.6400
2026-06-03 04:54:46,470.0000,410.0000,440.0000,438.4200,11.6400
2026-06-03 13:00:09,450.0000,410.0000,440.0000,439.8100,11.6800
2026-06-03 13:30:22,450.0000,410.0000,440.0000,438.4000,11.6500
2026-06-03 14:00:21,435.0000,410.0000,435.0000,432.8900,11.3600
2026-06-03 14:30:20,435.0000,410.0000,430.0000,431.9600,11.0000
2026-06-03 15:00:27,435.0000,410.0000,430.0000,428.2100,11.0700
2026-06-03 15:30:25,435.0000,410.0000,425.0000,426.2400,10.9600
2026-06-03 16:00:19,435.0000,410.0000,425.0000,426.4700,10.6500
2026-06-03 16:30:22,435.0000,410.0000,425.0000,426.1300,10.4700
2026-06-03 17:00:27,435.0000,410.0000,425.0000,424.6400,10.7100
2026-06-03 17:30:29,435.0000,410.0000,425.0000,424.4100,10.9300
2026-06-03 18:00:31,435.0000,410.0000,425.0000,426.5500,11.0000
2026-06-03 18:30:34,435.0000,410.0000,425.0000,427.1400,10.9400
2026-06-03 19:00:33,435.0000,410.0000,430.0000,428.5600,11.0200
2026-06-03 19:30:33,435.0000,410.0000,430.0000,428.0000,10.9500
2026-06-03 20:00:32,435.0000,410.0000,430.0000,427.7900,10.8300
2026-06-04 10:47:23,450.0000,400.0000,430.0000,431.2500,8.8800
2026-06-04 13:00:16,450.0000,400.0000,435.0000,433.9100,8.9400
2026-06-04 13:30:33,450.0000,400.0000,435.0000,433.3400,8.9700
2026-06-04 14:00:33,450.0000,400.0000,430.0000,432.0800,8.9400
2026-06-04 14:30:29,450.0000,400.0000,430.0000,431.5000,8.5400
2026-06-04 15:00:27,450.0000,400.0000,430.0000,431.0400,8.4300
2026-06-04 15:30:25,450.0000,400.0000,430.0000,430.5600,8.4100
2026-06-04 16:00:26,450.0000,400.0000,430.0000,429.6900,8.2600
2026-06-04 16:30:29,450.0000,400.0000,430.0000,429.4900,8.2400
2026-06-04 17:00:25,450.0000,400.0000,430.0000,428.7700,8.2300
2026-06-04 17:30:25,450.0000,400.0000,425.0000,426.6500,8.1800
2026-06-04 18:00:30,450.0000,400.0000,425.0000,426.8800,8.1800
2026-06-04 18:30:32,450.0000,400.0000,430.0000,427.8500,8.1500
2026-06-04 19:00:31,450.0000,400.0000,430.0000,428.2000,8.1900
2026-06-04 19:30:27,450.0000,400.0000,430.0000,428.0500,8.1000
2026-06-04 20:00:23,450.0000,400.0000,430.0000,427.8300,8.0000
2026-06-05 09:31:14,450.0000,400.0000,425.0000,429.6100,8.1100
2026-06-05 13:00:11,450.0000,400.0000,425.0000,430.0000,8.1100
2026-06-05 13:30:25,450.0000,400.0000,425.0000,428.0000,7.9800
2026-06-05 14:00:31,450.0000,400.0000,425.0000,425.9300,8.1200
2026-06-05 14:30:32,450.0000,400.0000,425.0000,423.0600,7.9800
2026-06-05 15:00:32,450.0000,400.0000,420.0000,421.2100,7.6100
2026-06-05 15:30:27,450.0000,400.0000,420.0000,421.8900,7.8200
2026-06-05 16:00:24,450.0000,400.0000,420.0000,421.2400,7.8500
2026-06-05 16:30:26,450.0000,400.0000,420.0000,420.1600,8.0400
2026-06-05 17:00:29,450.0000,400.0000,420.0000,419.3900,8.1000
2026-06-05 17:30:28,450.0000,400.0000,420.0000,420.1200,8.2700
2026-06-05 18:00:21,450.0000,400.0000,420.0000,420.8100,8.0800
2026-06-05 18:30:25,450.0000,400.0000,420.0000,420.2000,7.9500
2026-06-05 19:00:34,450.0000,400.0000,415.0000,417.1400,8.2000
2026-06-05 19:30:33,450.0000,400.0000,415.0000,415.7700,8.2700
2026-06-05 20:00:26,450.0000,400.0000,415.0000,416.3500,8.3900
2026-06-08 07:05:28,450.0000,400.0000,415.0000,412.5000,8.2000
2026-06-08 08:48:59,450.0000,400.0000,415.0000,412.5000,8.2000
2026-06-08 13:00:10,450.0000,400.0000,415.0000,415.3000,8.2500
2026-06-08 13:30:20,450.0000,400.0000,415.0000,414.6000,8.2400
2026-06-08 14:00:20,420.0000,400.0000,415.0000,412.5200,8.6500
2026-06-08 14:30:20,420.0000,400.0000,415.0000,412.5400,8.3300
2026-06-08 14:34:27,420.0000,400.0000,415.0000,412.6800,8.3200
2026-06-08 15:00:23,420.0000,400.0000,415.0000,412.4300,8.1400
2026-06-08 15:30:28,420.0000,400.0000,415.0000,412.8000,8.1900
2026-06-08 16:00:27,420.0000,400.0000,415.0000,411.2400,8.3300
2026-06-08 16:30:22,420.0000,400.0000,415.0000,410.3500,8.2000
2026-06-08 17:00:20,420.0000,400.0000,415.0000,409.9000,8.2500
2026-06-08 17:30:21,420.0000,400.0000,415.0000,409.1600,8.3300
2026-06-08 18:00:27,420.0000,400.0000,415.0000,410.5000,8.3900
2026-06-08 18:30:28,420.0000,400.0000,415.0000,412.6000,8.4000
2026-06-08 19:00:30,420.0000,400.0000,415.0000,412.2600,8.4100
2026-06-08 19:30:28,420.0000,400.0000,415.0000,411.9800,8.4300
2026-06-08 20:00:23,420.0000,400.0000,415.0000,412.7000,8.5400
2026-06-09 09:24:26,420.0000,400.0000,415.0000,410.4000,8.5000
2026-06-09 09:44:56,420.0000,400.0000,415.0000,410.5700,8.4900
2026-06-09 12:03:09,420.0000,400.0000,415.0000,410.3900,8.5000
2026-06-09 13:00:12,420.0000,400.0000,415.0000,410.8000,8.5000
2026-06-09 13:30:22,420.0000,400.0000,415.0000,409.7300,8.4900
2026-06-09 14:00:25,420.0000,400.0000,415.0000,410.4500,8.5500
2026-06-09 14:30:30,420.0000,400.0000,415.0000,409.6700,8.5100
2026-06-09 15:00:22,420.0000,400.0000,415.0000,408.7600,8.3200
2026-06-09 15:30:21,420.0000,400.0000,415.0000,406.9200,8.2600
2026-06-09 16:00:29,420.0000,385.0000,415.0000,403.0000,8.5500
2026-06-09 16:30:34,420.0000,385.0000,415.0000,402.6600,8.8900
2026-06-09 17:00:30,420.0000,385.0000,415.0000,399.0800,8.8500
2026-06-09 17:30:28,420.0000,385.0000,415.0000,401.2500,8.6800
2026-06-09 18:00:30,420.0000,385.0000,415.0000,402.9100,8.6000
2026-06-09 18:30:28,420.0000,385.0000,415.0000,403.2400,8.4900
2026-06-09 19:00:27,420.0000,385.0000,415.0000,403.1300,8.4800
2026-06-09 19:30:27,420.0000,385.0000,415.0000,403.9500,8.4100
2026-06-09 20:00:30,420.0000,385.0000,415.0000,402.3100,8.5000
2026-06-10 06:50:51,420.0000,385.0000,415.0000,403.1400,8.5800
2026-06-10 12:17:37,420.0000,385.0000,415.0000,397.8400,8.5700
2026-06-10 13:01:11,420.0000,400.0000,415.0000,400.2000,8.5100
2026-06-10 13:30:23,420.0000,385.0000,415.0000,398.0000,8.5600
2026-06-10 14:00:20,420.0000,385.0000,415.0000,402.5700,8.9700
2026-06-10 14:03:13,420.0000,400.0000,415.0000,402.3400,8.7600
2026-06-10 14:30:41,420.0000,400.0000,415.0000,402.6300,8.7200
2026-06-10 14:39:47,420.0000,400.0000,415.0000,403.2300,8.7200
2026-06-10 15:00:22,420.0000,400.0000,415.0000,402.1200,8.6400
2026-06-10 15:06:26,420.0000,400.0000,415.0000,402.1100,8.5200
2026-06-10 15:30:27,420.0000,385.0000,415.0000,402.0700,8.7700
2026-06-10 16:00:25,420.0000,400.0000,415.0000,403.0000,8.6700
2026-06-10 16:30:25,420.0000,385.0000,415.0000,401.9000,8.6900
2026-06-10 17:00:19,420.0000,400.0000,415.0000,403.2500,8.7300
2026-06-10 17:30:19,420.0000,400.0000,415.0000,402.6500,8.7300
2026-06-10 18:00:28,420.0000,385.0000,415.0000,400.7000,8.6100
2026-06-10 18:30:28,420.0000,400.0000,415.0000,401.5800,8.5500
2026-06-10 19:00:25,420.0000,385.0000,415.0000,400.6900,8.6500
2026-06-10 19:30:26,420.0000,385.0000,415.0000,399.8800,8.7800
2026-06-10 20:00:22,420.0000,385.0000,415.0000,399.2300,8.9300
2026-06-11 09:35:36,420.0000,385.0000,415.0000,399.0000,9.0500
2026-06-11 13:00:10,420.0000,385.0000,415.0000,395.8000,8.9900
2026-06-11 13:30:24,420.0000,385.0000,415.0000,395.5000,8.9700
2026-06-11 14:00:23,420.0000,385.0000,415.0000,389.9000,8.7500
2026-06-11 14:30:21,420.0000,385.0000,415.0000,389.4000,8.7500
2026-06-11 15:00:21,420.0000,385.0000,415.0000,390.6700,8.5700
2026-06-11 15:14:13,420.0000,385.0000,415.0000,387.1900,8.7400
2026-06-11 15:30:23,420.0000,385.0000,415.0000,387.6900,8.5300
2026-06-11 15:37:24,420.0000,385.0000,415.0000,389.1500,8.5600
2026-06-11 15:40:19,420.0000,385.0000,415.0000,388.4400,8.5400
2026-06-11 16:00:28,420.0000,385.0000,415.0000,386.6700,8.5200
2026-06-11 16:31:19,420.0000,385.0000,415.0000,388.9000,8.6500
2026-06-11 16:50:12,420.0000,385.0000,415.0000,388.3400,8.6600
2026-06-11 17:00:34,420.0000,385.0000,415.0000,387.7000,8.6400
2026-06-11 17:08:38,420.0000,385.0000,415.0000,386.5800,8.6700
2026-06-11 17:26:37,420.0000,385.0000,415.0000,385.1900,8.7000
2026-06-11 17:30:30,420.0000,380.0000,415.0000,384.8800,8.7900
2026-06-11 18:00:24,420.0000,385.0000,415.0000,389.5600,8.5500
2026-06-11 18:30:24,420.0000,385.0000,415.0000,388.0500,8.4200
2026-06-11 19:00:32,420.0000,385.0000,415.0000,387.6700,8.4300
2026-06-11 19:30:30,420.0000,385.0000,415.0000,387.4700,8.6600
2026-06-11 20:00:29,420.0000,385.0000,415.0000,389.5400,8.7000
2026-06-12 12:19:22,420.0000,385.0000,387.5000,394.2000,8.7900
2026-06-12 13:00:09,420.0000,385.0000,387.5000,393.4700,8.7700
2026-06-12 13:30:20,420.0000,385.0000,387.5000,392.1500,8.7400
2026-06-12 14:00:19,420.0000,380.0000,387.5000,382.9000,8.8200
2026-06-12 14:23:37,420.0000,380.0000,387.5000,383.8100,8.6100
2026-06-12 14:30:23,420.0000,380.0000,387.5000,384.2400,8.6500
2026-06-12 14:32:12,420.0000,380.0000,387.5000,384.8000,8.6500
2026-06-12 15:00:28,420.0000,380.0000,387.5000,384.5500,8.3900
2026-06-12 15:30:23,420.0000,385.0000,387.5000,389.6000,8.3000
2026-06-12 16:00:21,420.0000,385.0000,387.5000,387.4300,8.2800
2026-06-12 16:30:24,420.0000,385.0000,387.5000,388.0100,8.3200
2026-06-12 17:00:22,420.0000,385.0000,387.5000,387.7500,8.0800
2026-06-12 17:30:25,420.0000,385.0000,387.5000,387.7100,7.8800
2026-06-12 18:00:31,420.0000,385.0000,387.5000,386.5200,7.8600
2026-06-12 18:30:30,420.0000,385.0000,387.5000,387.2900,7.8800
2026-06-12 19:00:25,420.0000,385.0000,387.5000,388.5700,7.9700
2026-06-12 19:30:26,420.0000,385.0000,387.5000,389.0500,8.0100
2026-06-12 20:00:31,420.0000,385.0000,387.5000,389.7800,7.9500
2026-06-15 04:00:10,420.0000,385.0000,387.5000,390.7000,8.0400
2026-06-15 06:54:22,420.0000,385.0000,387.5000,390.7000,8.0400
2026-06-15 13:00:10,420.0000,385.0000,392.5000,396.1600,8.2000
2026-06-15 13:30:21,420.0000,385.0000,392.5000,396.2500,8.1300
2026-06-15 14:00:24,420.0000,385.0000,392.5000,397.0000,9.6500
2026-06-15 14:30:30,420.0000,385.0000,402.5000,398.3900,9.5800
2026-06-15 15:00:29,420.0000,385.0000,402.5000,397.5800,9.3300
2026-06-15 15:22:29,420.0000,385.0000,402.5000,398.0200,9.3700
2026-06-15 15:30:30,420.0000,385.0000,402.5000,398.5600,9.3600
2026-06-15 16:00:23,420.0000,385.0000,402.5000,398.6600,9.5100
2026-06-15 16:30:23,420.0000,385.0000,402.5000,400.5500,9.5700
2026-06-15 17:00:29,420.0000,385.0000,402.5000,400.1600,9.2300
2026-06-15 17:30:25,420.0000,385.0000,402.5000,399.5100,9.3400
2026-06-15 18:00:21,420.0000,385.0000,402.5000,399.7700,9.2500
2026-06-15 18:30:21,420.0000,385.0000,402.5000,399.2500,9.3000
2026-06-15 19:00:25,420.0000,385.0000,402.5000,398.7200,9.1200
2026-06-15 19:30:28,420.0000,385.0000,402.5000,399.1900,9.3600
2026-06-15 20:00:29,420.0000,385.0000,402.5000,400.1800,9.5600
2026-06-16 13:00:09,420.0000,385.0000,397.5000,396.9400,8.9300
2026-06-16 13:30:23,420.0000,385.0000,397.5000,397.9200,9.0600
2026-06-16 14:00:23,420.0000,385.0000,397.5000,393.8200,9.9100
2026-06-16 14:12:32,420.0000,385.0000,397.5000,394.9300,9.4900
2026-06-16 14:30:22,420.0000,385.0000,397.5000,393.8800,9.3100
2026-06-16 15:00:18,420.0000,385.0000,397.5000,392.6900,9.1600
2026-06-16 15:05:25,420.0000,385.0000,397.5000,393.4700,9.2200
2026-06-16 15:30:19,420.0000,385.0000,397.5000,393.7500,9.3800
2026-06-16 16:00:19,420.0000,385.0000,397.5000,393.2400,8.9400
2026-06-16 16:30:20,420.0000,385.0000,397.5000,392.7500,9.1300
2026-06-16 17:00:22,420.0000,385.0000,397.5000,392.1200,9.1400
2026-06-16 17:30:24,420.0000,385.0000,397.5000,391.9000,9.0400
2026-06-16 18:00:23,420.0000,385.0000,397.5000,391.2000,9.0700
2026-06-16 18:30:20,420.0000,385.0000,397.5000,391.6000,9.0000
2026-06-16 19:00:25,420.0000,385.0000,397.5000,392.9100,9.1100
2026-06-16 19:30:26,420.0000,385.0000,397.5000,392.7000,9.1400
2026-06-16 20:00:24,420.0000,385.0000,397.5000,393.6500,8.9600
2026-06-17 10:53:40,420.0000,385.0000,397.5000,391.9000,8.4100
2026-06-17 13:00:09,420.0000,385.0000,397.5000,391.1900,8.4000
2026-06-17 13:30:17,420.0000,385.0000,397.5000,390.5000,8.1600
2026-06-17 14:00:17,420.0000,385.0000,397.5000,388.6600,9.3300
2026-06-17 14:30:20,420.0000,385.0000,397.5000,388.2700,8.4200
2026-06-17 15:00:23,420.0000,385.0000,397.5000,386.2500,9.4300
2026-06-17 15:30:25,420.0000,385.0000,397.5000,385.9600,8.8000
2026-06-17 16:00:22,420.0000,385.0000,397.5000,386.3100,9.2000
2026-06-17 16:30:22,420.0000,385.0000,397.5000,385.7500,9.1600
2026-06-17 17:00:30,420.0000,380.0000,397.5000,384.5500,9.7500
2026-06-17 17:30:29,420.0000,380.0000,397.5000,384.3000,9.5900
2026-06-17 18:00:30,420.0000,385.0000,397.5000,385.1200,9.0300
2026-06-17 18:30:48,420.0000,380.0000,397.5000,383.3900,8.2700
2026-06-17 19:01:16,420.0000,380.0000,397.5000,383.3800,9.3300
2026-06-17 19:31:11,420.0000,380.0000,397.5000,381.1900,9.6900
2026-06-17 20:00:48,420.0000,375.0000,395.0000,377.6600,10.0400
2026-06-18 09:18:46,400.0000,380.0000,387.5000,381.1700,12.0200
2026-06-18 09:22:24,400.0000,380.0000,387.5000,381.1700,12.0200
2026-06-18 11:14:29,400.0000,375.0000,387.5000,379.8000,10.8000
2026-06-18 13:00:23,400.0000,375.0000,387.5000,377.8100,10.4400
2026-06-18 13:30:50,400.0000,380.0000,387.5000,380.1000,10.8200
2026-06-18 14:00:51,400.0000,370.0000,387.5000,374.1400,16.1900
2026-06-18 14:30:47,387.5000,375.0000,387.5000,377.9800,10.1500
2026-06-18 15:00:46,387.5000,375.0000,387.5000,377.7100,11.5700
2026-06-18 15:30:47,400.0000,375.0000,387.5000,376.1500,10.7400
2026-06-18 16:00:46,400.0000,375.0000,387.5000,375.4500,11.3100
2026-06-18 16:30:47,400.0000,375.0000,387.5000,376.7000,11.1500
2026-06-18 17:00:51,400.0000,375.0000,387.5000,378.7000,11.0200
2026-06-18 17:30:49,387.5000,380.0000,387.5000,380.6200,14.2700
2026-06-18 18:00:48,387.5000,375.0000,387.5000,379.8000,14.2400
2026-06-18 18:30:49,400.0000,375.0000,387.5000,378.8400,14.6700
2026-06-18 19:00:47,400.0000,375.0000,387.5000,377.9300,20.2500
2026-06-18 19:31:02,400.0000,375.0000,387.5000,377.6000,24.9300
2026-06-18 20:00:59,400.0000,375.0000,387.5000,377.6900,22.6900
2026-06-19 13:00:11,390.0000,375.0000,377.5000,379.1000,7.0500
2026-06-19 13:30:21,390.0000,375.0000,377.5000,379.1000,7.0500
2026-06-19 14:00:21,390.0000,375.0000,377.5000,379.1000,7.0500
2026-06-19 14:30:22,390.0000,375.0000,377.5000,379.1000,7.0500
2026-06-19 15:00:25,390.0000,375.0000,377.5000,379.1000,7.0500
2026-06-19 15:30:26,390.0000,375.0000,377.5000,379.1000,7.0500
2026-06-19 16:00:26,390.0000,375.0000,377.5000,379.1000,7.0500
2026-06-19 16:30:24,390.0000,375.0000,377.5000,379.1000,7.0500
2026-06-19 17:00:23,390.0000,375.0000,377.5000,379.1000,7.0500
2026-06-19 17:30:24,390.0000,375.0000,377.5000,379.1000,7.0500
2026-06-19 18:00:21,390.0000,375.0000,377.5000,379.1000,7.0500
2026-06-19 18:30:23,390.0000,375.0000,377.5000,379.1000,7.0500
2026-06-19 19:00:25,390.0000,375.0000,377.5000,379.1000,7.0500
2026-06-19 19:30:22,390.0000,375.0000,377.5000,379.1000,7.0500
2026-06-19 20:00:25,390.0000,375.0000,377.5000,379.1000,7.0500
2026-06-22 07:01:30,390.0000,375.0000,377.5000,379.1000,7.0500
2026-06-22 11:12:25,390.0000,375.0000,377.5000,380.0000,7.0700
2026-06-22 13:00:11,390.0000,375.0000,377.5000,377.2700,7.0600
2026-06-22 13:30:23,390.0000,375.0000,377.5000,377.0000,7.0700
2026-06-22 14:00:22,390.0000,375.0000,377.5000,379.1900,8.9300
2026-06-22 14:30:19,390.0000,375.0000,377.5000,377.8500,8.6800
2026-06-22 15:00:19,390.0000,370.0000,377.5000,373.9000,8.9500
2026-06-22 15:30:23,390.0000,360.0000,377.5000,371.6600,8.9500
2026-06-22 16:00:23,390.0000,360.0000,377.5000,371.6500,8.8700
2026-06-22 16:30:25,390.0000,360.0000,377.5000,369.2900,8.8600
2026-06-22 17:00:32,390.0000,360.0000,377.5000,368.3500,8.9000
2026-06-22 17:30:32,390.0000,360.0000,377.5000,368.8000,8.7400
2026-06-22 18:00:29,390.0000,360.0000,377.5000,369.0500,8.7300
2026-06-22 18:30:28,390.0000,360.0000,377.5000,369.9600,8.6200
2026-06-22 19:00:28,390.0000,360.0000,377.5000,370.1200,8.6300
2026-06-22 19:30:31,390.0000,360.0000,377.5000,370.2600,8.7600
2026-06-23 10:50:00,390.0000,360.0000,377.5000,372.0000,8.9300
2026-06-23 13:00:12,390.0000,360.0000,377.5000,372.4200,8.9400
2026-06-23 13:30:24,390.0000,360.0000,377.5000,373.4700,9.0400
2026-06-23 14:00:24,390.0000,360.0000,377.5000,375.4200,9.5700
2026-06-23 14:30:22,390.0000,360.0000,377.5000,374.3300,9.2400
2026-06-23 14:52:55,390.0000,360.0000,377.5000,376.5500,9.2800
2026-06-23 15:00:27,390.0000,360.0000,377.5000,376.6500,9.4600
2026-06-23 15:30:25,390.0000,360.0000,377.5000,374.4000,9.2200
2026-06-23 16:00:26,390.0000,360.0000,377.5000,372.9800,9.0600
2026-06-23 16:18:25,390.0000,360.0000,377.5000,372.9200,9.0200
2026-06-23 16:25:47,390.0000,360.0000,377.5000,372.7500,9.0500
2026-06-23 16:30:32,390.0000,360.0000,377.5000,371.7500,8.9600
2026-06-23 17:00:25,390.0000,360.0000,377.5000,372.6800,8.9200
2026-06-23 17:30:25,390.0000,360.0000,377.5000,372.5800,8.9200
2026-06-23 18:00:31,390.0000,360.0000,377.5000,374.2900,9.0700
2026-06-23 18:12:14,390.0000,360.0000,377.5000,372.8800,9.1500
2026-06-23 18:30:31,390.0000,360.0000,377.5000,373.7400,9.0600
2026-06-23 19:00:27,390.0000,360.0000,377.5000,372.4600,9.3400
2026-06-23 19:16:27,390.0000,360.0000,377.5000,372.8700,9.2800
2026-06-23 19:30:27,390.0000,360.0000,377.5000,373.2400,9.1500
2026-06-23 20:00:30,390.0000,360.0000,377.5000,374.1500,9.2100
2026-06-24 08:13:35,390.0000,360.0000,377.5000,374.0000,8.9900
2026-06-24 13:00:10,390.0000,370.0000,380.0000,371.0700,9.2200
2026-06-24 13:30:25,390.0000,370.0000,380.0000,371.3000,9.2200
2026-06-24 14:00:23,390.0000,370.0000,380.0000,378.0600,10.2400
2026-06-24 14:30:18,380.0000,370.0000,380.0000,373.4600,9.6100
2026-06-24 14:34:55,380.0000,370.0000,380.0000,373.6300,9.6200
2026-06-24 15:00:25,380.0000,370.0000,380.0000,373.1800,9.5000
2026-06-24 15:30:22,380.0000,370.0000,380.0000,374.8000,9.1400
2026-06-24 16:00:23,380.0000,370.0000,380.0000,373.7000,9.0300
2026-06-24 16:30:22,380.0000,370.0000,380.0000,374.1400,9.1100
2026-06-24 17:00:26,380.0000,370.0000,380.0000,372.5100,9.2500
2026-06-24 17:30:24,380.0000,370.0000,380.0000,371.9500,7.9600
2026-06-24 18:00:20,380.0000,370.0000,380.0000,370.7100,8.9200
2026-06-24 18:30:23,380.0000,370.0000,380.0000,371.7800,9.1300
2026-06-24 19:00:29,380.0000,360.0000,380.0000,369.4500,8.1400
2026-06-24 19:30:32,380.0000,360.0000,380.0000,368.7300,9.7200
2026-06-24 20:00:28,380.0000,360.0000,380.0000,367.7800,9.0200
2026-06-25 06:51:47,380.0000,360.0000,380.0000,365.3900,10.1400
2026-06-25 08:30:43,380.0000,360.0000,380.0000,365.3900,10.1400
2026-06-25 12:55:50,380.0000,360.0000,375.0000,363.6000,10.1000
2026-06-25 13:00:22,380.0000,360.0000,375.0000,363.0000,10.1100
2026-06-25 13:30:21,380.0000,360.0000,375.0000,363.4300,10.0800
2026-06-25 14:00:22,380.0000,350.0000,375.0000,359.0800,10.9000
2026-06-25 14:30:23,380.0000,350.0000,375.0000,358.1800,10.6800
2026-06-25 15:00:22,380.0000,350.0000,375.0000,357.2100,9.8500
2026-06-25 15:30:21,380.0000,350.0000,375.0000,354.2600,10.4100
2026-06-25 16:00:23,380.0000,350.0000,375.0000,355.6500,9.7400
2026-06-25 16:30:26,380.0000,350.0000,372.5000,353.0100,9.3400
2026-06-25 17:00:25,380.0000,350.0000,372.5000,351.9700,9.9600
2026-06-25 17:30:24,380.0000,350.0000,372.5000,351.8100,10.0300
2026-06-25 18:00:26,380.0000,350.0000,372.5000,350.1000,10.4700
2026-06-25 18:30:25,380.0000,350.0000,372.5000,351.3500,8.4400
2026-06-25 19:00:28,380.0000,350.0000,375.0000,356.3200,10.5300
2026-06-25 19:30:31,380.0000,350.0000,375.0000,354.7000,10.6000
2026-06-25 20:00:27,380.0000,350.0000,375.0000,353.1900,10.4900
2026-06-26 07:27:45,380.0000,350.0000,375.0000,355.4400,11.5100
2026-06-26 07:47:30,380.0000,350.0000,375.0000,355.4400,11.5100
2026-06-26 13:00:12,360.0000,350.0000,360.0000,357.0000,11.3200
2026-06-26 13:30:23,360.0000,350.0000,360.0000,357.6500,11.1300
2026-06-26 14:00:20,365.0000,350.0000,360.0000,361.0900,15.6300
2026-06-26 14:17:38,365.0000,350.0000,360.0000,361.7100,13.1200
2026-06-26 14:30:31,365.0000,350.0000,365.0000,364.4000,12.2600
2026-06-26 15:00:27,375.0000,367.5000,370.0000,367.6700,12.8800
2026-06-26 15:30:25,375.0000,367.5000,370.0000,368.6800,13.6300
2026-06-26 16:00:23,375.0000,367.5000,370.0000,371.0000,13.1700
2026-06-26 16:30:21,370.0000,367.5000,370.0000,368.2300,12.5700
2026-06-26 17:00:27,375.0000,367.5000,370.0000,369.4800,15.3900
2026-06-26 17:30:28,370.0000,367.5000,370.0000,369.6000,12.6100
2026-06-26 18:00:25,375.0000,367.5000,370.0000,370.8800,15.6900
2026-06-26 18:30:24,375.0000,367.5000,370.0000,371.6500,17.5000
2026-06-26 19:00:23,375.0000,367.5000,370.0000,370.7500,16.9100
2026-06-26 19:30:21,375.0000,367.5000,370.0000,370.9500,25.3400
2026-06-26 20:00:25,380.0000,367.5000,370.0000,372.7000,40.2000
2026-06-29 08:54:07,400.0000,367.5000,372.5000,372.7300,9.2600
2026-06-29 09:08:58,400.0000,367.5000,372.5000,372.7300,9.2600
2026-06-29 09:12:06,380.0000,367.5000,370.0000,379.5000,9.3800
2026-06-29 12:14:50,380.0000,367.5000,370.0000,379.6100,9.3800
2026-06-29 13:00:11,380.0000,367.5000,370.0000,379.1100,9.3700
2026-06-29 13:30:21,400.0000,367.5000,370.0000,380.1400,9.2100
2026-06-29 14:00:18,380.0000,367.5000,370.0000,377.3500,10.7800
2026-06-29 14:30:22,380.0000,367.5000,370.0000,375.1800,10.6900
2026-06-29 15:00:24,380.0000,367.5000,370.0000,376.8700,10.4800
2026-06-29 15:06:15,380.0000,367.5000,370.0000,375.9300,10.4200
2026-06-29 16:04:04,380.0000,367.5000,370.0000,370.7300,10.1600
2026-06-29 16:30:28,380.0000,367.5000,370.0000,368.0500,10.2500
2026-06-29 17:00:28,380.0000,355.0000,365.0000,367.3700,10.3600
2026-06-29 17:30:32,380.0000,367.5000,370.0000,368.8000,10.2800
2026-06-29 17:51:03,380.0000,367.5000,370.0000,370.1200,10.2900
2026-06-29 18:00:27,380.0000,367.5000,370.0000,368.9100,10.3300
2026-06-29 18:30:32,380.0000,367.5000,370.0000,368.2400,10.3900
2026-06-29 19:00:30,380.0000,367.5000,370.0000,368.2100,10.1300
2026-06-29 19:30:23,380.0000,367.5000,370.0000,369.3100,10.2600
2026-06-29 20:00:26,380.0000,367.5000,370.0000,367.7500,10.3100
2026-06-30 08:29:30,380.0000,367.5000,370.0000,371.3900,10.3200
2026-06-30 13:00:13,380.0000,367.5000,370.0000,368.9500,10.2000
2026-06-30 13:30:30,380.0000,367.5000,370.0000,368.6900,10.1300
2026-06-30 13:47:07,380.0000,367.5000,370.0000,370.2100,11.1800
2026-06-30 14:01:11,380.0000,367.5000,370.0000,369.8600,10.5900
2026-06-30 14:30:25,380.0000,367.5000,370.0000,371.3000,10.2900
2026-06-30 14:35:49,380.0000,367.5000,370.0000,371.9400,10.4200
2026-06-30 14:38:58,380.0000,367.5000,370.0000,372.1300,10.3400
2026-06-30 15:00:24,380.0000,367.5000,370.0000,372.2300,9.8300
2026-06-30 15:30:24,380.0000,367.5000,370.0000,369.6000,9.5800
2026-06-30 16:00:25,380.0000,367.5000,370.0000,370.2200,9.6000
2026-06-30 16:30:25,380.0000,367.5000,370.0000,370.2600,9.4900
2026-06-30 17:00:21,380.0000,367.5000,370.0000,370.9400,9.2200
2026-06-30 17:30:20,380.0000,367.5000,370.0000,370.7600,9.6100
2026-06-30 18:00:25,380.0000,367.5000,370.0000,370.9000,9.5000
2026-06-30 18:30:26,380.0000,367.5000,370.0000,370.6600,9.3800
2026-06-30 19:00:26,380.0000,367.5000,370.0000,370.5500,9.0800
2026-06-30 19:30:30,380.0000,367.5000,370.0000,371.2200,9.0700
2026-06-30 20:00:27,380.0000,367.5000,370.0000,371.9600,9.1400
2026-06-30 20:23:15,380.0000,367.5000,370.0000,373.2700,9.5100
2026-07-01 05:02:04,380.0000,367.5000,370.0000,375.5500,9.2800
2026-07-01 11:36:41,380.0000,367.5000,370.0000,379.4000,9.0200
2026-07-01 12:34:52,380.0000,367.5000,370.0000,379.8700,9.0300
2026-07-01 13:00:27,380.0000,367.5000,370.0000,377.4500,9.1600
2026-07-01 13:10:11,380.0000,367.5000,370.0000,378.4800,9.4700
2026-07-01 13:30:24,390.0000,367.5000,370.0000,380.4000,9.3800
2026-07-01 13:51:27,380.0000,367.5000,370.0000,377.3400,12.0900
2026-07-01 13:59:42,380.0000,367.5000,370.0000,377.6200,11.0900
2026-07-01 14:01:27,380.0000,367.5000,370.0000,377.4900,11.4600
2026-07-01 14:30:29,390.0000,367.5000,370.0000,380.5400,10.7200
2026-07-01 15:00:26,390.0000,367.5000,370.0000,384.1200,10.7000
2026-07-01 15:30:24,390.0000,367.5000,370.0000,386.8600,10.6800
2026-07-01 16:00:23,390.0000,367.5000,370.0000,384.7100,10.8300
2026-07-01 16:30:20,390.0000,367.5000,370.0000,386.2300,9.9200
2026-07-01 16:59:27,390.0000,367.5000,370.0000,385.7600,9.5600
2026-07-01 17:00:41,390.0000,367.5000,370.0000,385.6700,9.3900
2026-07-01 17:30:32,390.0000,367.5000,370.0000,386.9800,9.6200
2026-07-01 17:35:07,390.0000,367.5000,370.0000,387.4300,10.3100
2026-07-01 18:00:33,390.0000,367.5000,370.0000,386.8800,10.0500
2026-07-01 18:50:49,390.0000,367.5000,370.0000,388.0400,9.8900
2026-07-01 19:00:29,390.0000,367.5000,370.0000,387.8400,10.3800
2026-07-01 19:30:23,390.0000,367.5000,370.0000,386.9100,9.8900
2026-07-01 20:00:21,390.0000,367.5000,370.0000,385.4300,9.7300
2026-07-02 04:03:26,390.0000,367.5000,370.0000,385.0000,11.0400
2026-07-02 08:55:22,390.0000,367.5000,370.0000,385.0000,11.0400
2026-07-02 08:56:55,390.0000,367.5000,370.0000,385.0000,11.0400
2026-07-02 12:15:14,390.0000,367.5000,370.0000,386.4800,11.3200
2026-07-02 12:26:56,390.0000,367.5000,370.0000,383.8500,10.9100
2026-07-02 13:00:12,390.0000,367.5000,370.0000,382.1500,10.7700
2026-07-02 13:30:23,390.0000,367.5000,370.0000,383.4100,11.0800
2026-07-02 14:00:24,390.0000,367.5000,370.0000,385.6000,12.3700
2026-07-02 14:07:42,390.0000,367.5000,370.0000,386.2900,13.8200
2026-07-02 14:11:24,390.0000,367.5000,370.0000,385.6400,13.1200
2026-07-02 14:30:32,390.0000,367.5000,370.0000,387.9000,13.6600
2026-07-02 15:00:29,390.0000,367.5000,370.0000,388.5600,11.4700
2026-07-02 15:30:27,390.0000,367.5000,370.0000,389.0800,14.2800
2026-07-02 16:00:29,390.0000,367.5000,370.0000,388.4000,12.0000
2026-07-02 16:30:32,390.0000,367.5000,370.0000,389.5900,12.6200
2026-07-02 17:00:34,392.5000,367.5000,370.0000,390.4300,13.4000
2026-07-02 17:30:32,392.5000,367.5000,370.0000,390.8400,14.3500
2026-07-02 18:00:27,392.5000,367.5000,370.0000,390.7100,15.5400
2026-07-02 18:30:25,392.5000,367.5000,370.0000,391.2600,18.1200
2026-07-02 19:00:24,392.5000,367.5000,370.0000,391.4700,18.6500
2026-07-02 19:30:28,392.5000,367.5000,370.0000,391.5800,24.8400
2026-07-02 20:00:29,392.5000,367.5000,370.0000,390.6000,23.8200
2026-07-03 13:00:10,400.0000,370.0000,372.5000,390.8300,8.3400
2026-07-03 13:30:19,400.0000,370.0000,372.5000,390.8300,8.3400
2026-07-03 14:00:18,400.0000,370.0000,372.5000,390.8300,8.3400
2026-07-03 14:30:19,400.0000,370.0000,372.5000,390.8300,8.3400
2026-07-03 15:00:20,400.0000,370.0000,372.5000,390.8300,8.3400
2026-07-03 15:30:22,400.0000,370.0000,372.5000,390.8300,8.3400
2026-07-03 16:00:21,400.0000,370.0000,372.5000,390.8300,8.3400
2026-07-03 16:30:17,400.0000,370.0000,372.5000,390.8300,8.3400
2026-07-03 17:00:17,400.0000,370.0000,372.5000,390.8300,8.3400
2026-07-03 17:30:21,400.0000,370.0000,372.5000,390.8300,8.3400
2026-07-03 18:00:23,400.0000,370.0000,372.5000,390.8300,8.3400
2026-07-03 18:30:21,400.0000,370.0000,372.5000,390.8300,8.3400
2026-07-03 19:00:20,400.0000,370.0000,372.5000,390.8300,8.3400
2026-07-03 19:30:18,400.0000,370.0000,372.5000,390.8300,8.3400
2026-07-03 20:00:18,400.0000,370.0000,372.5000,390.8300,8.3400
2026-07-06 04:00:11,400.0000,370.0000,372.5000,390.8300,8.3400
2026-07-06 10:47:18,400.0000,370.0000,372.5000,391.0000,8.3500
2026-07-06 12:39:30,400.0000,370.0000,372.5000,388.1800,8.3200
2026-07-06 12:43:18,400.0000,370.0000,372.5000,387.7400,8.3100
2026-07-06 12:50:13,400.0000,370.0000,372.5000,387.7400,8.3100
2026-07-06 12:57:56,400.0000,370.0000,372.5000,387.2300,8.3000
2026-07-06 13:00:22,400.0000,370.0000,372.5000,387.2300,8.3000
2026-07-06 13:30:18,400.0000,370.0000,372.5000,386.5500,8.2800
2026-07-06 13:49:32,400.0000,370.0000,372.5000,387.7600,9.0000
2026-07-06 13:53:15,400.0000,370.0000,372.5000,383.4600,9.0600
2026-07-06 14:00:19,400.0000,370.0000,372.5000,383.8100,8.9900
2026-07-06 14:30:18,400.0000,370.0000,372.5000,383.7300,8.7500
2026-07-06 14:55:43,400.0000,370.0000,372.5000,383.3800,8.6200
2026-07-06 15:00:21,400.0000,370.0000,372.5000,384.6700,8.7700
2026-07-06 16:00:09,400.0000,370.0000,372.5000,386.7500,8.7400
2026-07-06 16:30:23,400.0000,370.0000,372.5000,384.5600,8.6200
2026-07-06 17:00:28,400.0000,370.0000,372.5000,384.7100,8.7500
2026-07-06 17:30:26,400.0000,370.0000,372.5000,385.7500,8.7400
2026-07-06 17:45:01,400.0000,370.0000,372.5000,385.8300,8.8000
2026-07-06 18:00:19,400.0000,370.0000,372.5000,385.3700,8.7000
2026-07-06 18:30:21,400.0000,370.0000,372.5000,385.6100,8.8200
2026-07-06 19:00:23,400.0000,370.0000,372.5000,386.0100,8.6800
2026-07-06 19:30:28,400.0000,370.0000,372.5000,386.0400,8.7400
2026-07-06 20:00:29,400.0000,370.0000,372.5000,386.7000,8.7500
2026-07-07 12:08:18,400.0000,370.0000,372.5000,392.8000,9.0900
2026-07-07 13:00:09,400.0000,370.0000,372.5000,391.6100,9.0600
2026-07-07 13:30:18,400.0000,370.0000,372.5000,392.9100,9.1000
2026-07-07 13:53:22,400.0000,370.0000,372.5000,392.0900,9.1200
2026-07-07 14:00:18,400.0000,370.0000,372.5000,390.7800,9.1100
2026-07-07 14:30:18,400.0000,370.0000,372.5000,392.9100,9.1300
2026-07-07 15:00:24,400.0000,370.0000,372.5000,393.3900,9.1100
2026-07-07 15:30:28,400.0000,370.0000,372.5000,392.6100,9.1000
2026-07-07 16:00:22,400.0000,370.0000,372.5000,392.9900,9.0800
2026-07-07 16:30:23,400.0000,370.0000,372.5000,393.1700,9.1100
2026-07-07 17:00:25,400.0000,370.0000,372.5000,394.5700,9.1900
2026-07-07 17:30:23,400.0000,370.0000,372.5000,393.6300,9.1900
2026-07-07 17:56:01,400.0000,370.0000,372.5000,393.0100,9.0800
2026-07-07 18:00:28,400.0000,370.0000,372.5000,393.1000,9.0700
2026-07-07 18:17:06,400.0000,370.0000,372.5000,392.9600,9.0800
2026-07-07 18:30:30,400.0000,370.0000,372.5000,392.7800,9.1000
2026-07-07 19:00:22,400.0000,370.0000,372.5000,391.8700,9.0500
2026-07-07 19:30:25,400.0000,370.0000,372.5000,390.0100,8.9000
2026-07-07 20:00:30,400.0000,370.0000,372.5000,389.1200,8.9300
2026-07-08 13:00:10,400.0000,370.0000,372.5000,384.4000,8.7500
2026-07-08 13:30:27,400.0000,370.0000,372.5000,382.9400,8.7300
2026-07-08 13:49:16,400.0000,370.0000,372.5000,383.8100,8.9800
2026-07-08 14:00:25,400.0000,370.0000,372.5000,384.5000,8.6700
2026-07-08 14:30:27,400.0000,370.0000,372.5000,383.1200,8.4700
2026-07-08 15:00:23,400.0000,370.0000,372.5000,382.8600,8.5600
2026-07-08 15:30:21,400.0000,370.0000,372.5000,383.0100,8.4500
2026-07-08 16:00:19,400.0000,370.0000,372.5000,382.1500,8.3600
2026-07-08 16:30:22,400.0000,370.0000,372.5000,382.3400,8.3200
2026-07-08 17:00:26,400.0000,370.0000,372.5000,382.5700,8.2100
2026-07-08 17:30:23,400.0000,370.0000,372.5000,382.6200,8.2000
2026-07-08 18:00:25,400.0000,370.0000,372.5000,383.3800,8.2200
2026-07-08 18:01:19,400.0000,370.0000,372.5000,383.4300,8.2200
2026-07-08 18:30:26,400.0000,370.0000,372.5000,383.8600,8.2800
2026-07-08 19:00:30,400.0000,370.0000,372.5000,384.1700,8.1800
2026-07-08 19:05:45,400.0000,370.0000,372.5000,383.9100,8.2000
2026-07-08 19:30:29,400.0000,370.0000,372.5000,383.0200,8.1200
2026-07-08 20:00:27,400.0000,370.0000,372.5000,383.4500,8.1600
2026-07-09 08:43:51,400.0000,370.0000,372.5000,383.9600,8.0900
2026-07-09 08:58:13,400.0000,370.0000,372.5000,383.9600,8.0900
2026-07-09 13:00:10,400.0000,370.0000,372.5000,376.3000,8.0000
2026-07-09 13:30:25,400.0000,370.0000,372.5000,374.8000,7.9600
2026-07-09 14:00:24,400.0000,370.0000,372.5000,378.1600,8.2800
2026-07-09 14:30:19,400.0000,370.0000,372.5000,376.6200,8.2200
2026-07-09 15:00:22,400.0000,370.0000,372.5000,377.2000,7.9200
2026-07-09 15:30:26,400.0000,370.0000,372.5000,379.0200,7.8800
2026-07-09 16:00:25,400.0000,370.0000,372.5000,380.3100,7.7600
2026-07-09 16:30:22,400.0000,370.0000,372.5000,379.5000,7.7700
2026-07-09 17:00:19,400.0000,370.0000,372.5000,379.7600,7.7500
2026-07-09 17:30:21,400.0000,370.0000,372.5000,379.7600,7.7300
2026-07-09 17:32:20,400.0000,370.0000,372.5000,380.2100,7.7800
2026-07-09 18:00:21,400.0000,370.0000,372.5000,380.6300,7.7600
2026-07-09 18:30:25,400.0000,370.0000,372.5000,381.0800,7.8600
2026-07-09 19:00:26,400.0000,370.0000,372.5000,380.7300,7.8300
2026-07-09 19:30:20,400.0000,370.0000,372.5000,381.5800,8.0100
2026-07-09 20:00:23,400.0000,370.0000,372.5000,383.0300,7.9400
2026-07-10 11:05:42,400.0000,370.0000,375.0000,388.0900,8.2400
2026-07-10 11:37:06,400.0000,370.0000,375.0000,385.5100,8.1500
2026-07-10 11:45:59,400.0000,370.0000,375.0000,385.5100,8.1500
2026-07-10 13:00:12,400.0000,370.0000,375.0000,387.7500,8.2300
2026-07-10 13:30:23,400.0000,370.0000,375.0000,388.5000,8.2500
2026-07-10 14:00:21,400.0000,370.0000,375.0000,387.1000,8.3400
2026-07-10 14:30:20,400.0000,370.0000,375.0000,385.1700,8.1700
2026-07-10 15:00:21,400.0000,370.0000,375.0000,382.6400,7.9800
2026-07-10 15:30:20,400.0000,370.0000,375.0000,382.1400,7.8200
2026-07-10 16:00:19,400.0000,370.0000,375.0000,383.8700,8.0000
2026-07-10 16:16:44,400.0000,370.0000,375.0000,384.0600,7.9600
2026-07-10 16:30:28,400.0000,370.0000,375.0000,384.3500,7.9200
2026-07-10 17:00:26,400.0000,370.0000,375.0000,384.7800,7.9500
2026-07-10 17:30:22,400.0000,370.0000,375.0000,385.1500,7.8700
2026-07-10 18:00:23,400.0000,370.0000,375.0000,383.3800,7.8700
2026-07-10 18:30:21,400.0000,370.0000,375.0000,383.9400,7.8500
2026-07-10 19:00:26,400.0000,370.0000,375.0000,385.4500,8.0000
2026-07-10 19:30:32,400.0000,370.0000,375.0000,385.3800,7.8800
2026-07-10 19:51:12,400.0000,370.0000,375.0000,385.1300,7.8000
2026-07-10 20:00:33,400.0000,370.0000,375.0000,384.9400,7.7600
2026-07-16 13:35:07,400.0000,370.0000,380.0000,399.6100,10.5600
2026-07-16 14:00:19,400.0000,370.0000,380.0000,393.0000,11.8700
2026-07-16 14:30:22,400.0000,370.0000,380.0000,393.9200,11.1700
2026-07-16 15:00:22,400.0000,370.0000,380.0000,397.4400,10.6000
2026-07-16 15:30:19,400.0000,370.0000,380.0000,397.7300,10.9300
2026-07-16 16:00:27,400.0000,370.0000,380.0000,399.0500,10.8900
2026-07-16 16:30:31,410.0000,370.0000,380.0000,400.0300,11.2900
2026-07-16 17:00:27,410.0000,370.0000,380.0000,401.4300,11.3300
2026-07-16 17:30:25,410.0000,370.0000,380.0000,401.6800,11.2800
2026-07-16 18:00:24,410.0000,370.0000,380.0000,402.7400,11.3900
2026-07-16 18:30:29,410.0000,370.0000,380.0000,403.6900,11.1400
2026-07-16 19:00:32,410.0000,370.0000,380.0000,404.0500,10.7600
2026-07-16 19:30:29,410.0000,370.0000,380.0000,402.8100,11.6300
2026-07-16 20:00:31,410.0000,370.0000,380.0000,400.2700,10.6100
2026-07-17 13:00:13,400.0000,370.0000,395.0000,393.7900,10.0200
2026-07-17 13:30:28,400.0000,370.0000,395.0000,393.2000,10.0100
2026-07-17 14:00:23,400.0000,370.0000,395.0000,395.5400,15.5400
2026-07-17 14:30:25,400.0000,370.0000,390.0000,391.8700,15.5400
2026-07-17 15:00:30,400.0000,370.0000,390.0000,391.4700,13.7400
2026-07-17 15:30:28,400.0000,370.0000,390.0000,390.3800,13.2500
2026-07-17 16:00:32,400.0000,370.0000,390.0000,392.3900,13.0100
2026-07-17 16:30:31,400.0000,370.0000,390.0000,391.7400,14.1300
2026-07-17 17:00:30,400.0000,370.0000,395.0000,393.7100,14.2900
2026-07-17 17:30:31,400.0000,370.0000,395.0000,394.3800,13.7500
2026-07-17 18:00:28,400.0000,370.0000,395.0000,394.9500,11.2800
2026-07-17 18:30:27,400.0000,370.0000,395.0000,395.7400,15.9800
2026-07-17 19:00:23,395.0000,370.0000,395.0000,394.2700,16.9100
2026-07-17 19:30:25,395.0000,370.0000,395.0000,394.8200,14.0700
2026-07-17 20:00:30,395.0000,370.0000,395.0000,394.9500,24.2900
2026-07-20 07:08:57,410.0000,370.0000,390.0000,394.0100,9.8500
2026-07-20 13:00:15,410.0000,370.0000,390.0000,389.7200,9.8200
2026-07-20 13:30:31,410.0000,370.0000,390.0000,389.1900,9.9400
2026-07-20 14:00:28,400.0000,370.0000,390.0000,392.3300,11.0800
2026-07-20 14:30:29,400.0000,370.0000,390.0000,392.4000,11.0100
2026-07-20 15:00:29,410.0000,370.0000,390.0000,395.1400,11.1500
2026-07-20 15:30:27,410.0000,370.0000,390.0000,396.5300,10.8500
2026-07-20 16:00:32,410.0000,370.0000,390.0000,398.3600,10.8100
2026-07-20 16:30:32,410.0000,370.0000,390.0000,399.6500,10.6700
2026-07-20 17:00:31,410.0000,370.0000,390.0000,402.2700,11.0500
2026-07-20 17:30:29,410.0000,370.0000,390.0000,400.8300,10.8900
2026-07-20 18:00:23,410.0000,370.0000,390.0000,401.3700,10.8400
2026-07-20 18:30:22,410.0000,370.0000,390.0000,401.5000,10.7400
2026-07-20 19:00:24,410.0000,370.0000,390.0000,400.3700,10.7700
2026-07-20 19:30:21,410.0000,370.0000,390.0000,400.8800,10.7800
2026-07-20 20:00:24,410.0000,370.0000,390.0000,402.0000,10.9300
2026-07-21 12:22:15,410.0000,370.0000,390.0000,398.3400,10.8500
2026-07-21 13:00:11,410.0000,370.0000,390.0000,397.8000,10.8300
2026-07-21 13:30:28,410.0000,370.0000,390.0000,398.8000,10.8600
2026-07-21 14:00:31,400.0000,370.0000,390.0000,399.8600,11.5300
2026-07-21 14:30:27,410.0000,370.0000,390.0000,400.2700,11.2500
2026-07-21 15:00:21,410.0000,370.0000,390.0000,400.0800,11.1000
2026-07-21 15:30:19,400.0000,370.0000,390.0000,398.4600,10.9100
2026-07-21 16:00:21,400.0000,370.0000,390.0000,399.8200,10.9100
2026-07-21 16:30:21,400.0000,370.0000,390.0000,397.7000,10.9700
2026-07-21 17:00:23,400.0000,370.0000,390.0000,398.4200,11.0500
2026-07-21 17:30:22,400.0000,370.0000,390.0000,398.6200,11.1600
2026-07-21 18:00:22,400.0000,370.0000,390.0000,399.1600,11.1900
2026-07-21 18:30:27,400.0000,370.0000,390.0000,398.7800,11.2600
2026-07-21 19:00:28,400.0000,370.0000,390.0000,398.5400,11.3000
2026-07-21 19:30:28,400.0000,370.0000,390.0000,399.0000,11.2300
2026-07-21 20:00:33,400.0000,370.0000,390.0000,398.6400,11.2300
2026-07-22 13:00:09,410.0000,370.0000,397.5000,399.4700,11.5800
2026-07-22 13:30:21,410.0000,370.0000,397.5000,399.3000,11.5800
2026-07-22 13:47:13,400.0000,370.0000,397.5000,395.7700,12.3800
2026-07-22 14:00:26,400.0000,370.0000,392.5000,392.6900,12.1300
2026-07-22 14:30:20,400.0000,370.0000,392.5000,391.7700,11.9300
2026-07-22 15:00:18,400.0000,370.0000,390.0000,388.8100,11.8900
2026-07-22 15:30:19,400.0000,370.0000,390.0000,389.3800,11.7200
2026-07-22 16:00:20,400.0000,370.0000,390.0000,388.4700,11.7400
2026-07-22 16:30:23,400.0000,370.0000,390.0000,388.7300,11.7000
2026-07-22 17:00:27,400.0000,370.0000,390.0000,388.6500,11.7500
2026-07-22 17:30:31,400.0000,370.0000,390.0000,388.7200,11.6700
2026-07-22 18:00:28,400.0000,370.0000,390.0000,387.8000,11.8500
2026-07-22 18:30:22,400.0000,370.0000,390.0000,387.3200,12.0400
2026-07-22 19:00:22,400.0000,370.0000,390.0000,388.6600,12.0800
2026-07-22 19:30:28,400.0000,370.0000,390.0000,389.6100,12.3800
2026-07-22 20:00:25,400.0000,370.0000,390.0000,388.7500,12.5800
2026-07-23 08:24:37,400.0000,370.0000,390.0000,388.1600,11.5300
2026-07-23 13:00:10,400.0000,380.0000,390.0000,387.5000,11.5400
2026-07-23 13:30:22,400.0000,380.0000,390.0000,388.0000,11.7800
2026-07-23 14:00:22,400.0000,380.0000,390.0000,388.9900,10.9300
2026-07-23 14:30:21,400.0000,380.0000,390.0000,384.1700,10.4200
2026-07-23 15:00:21,400.0000,375.0000,390.0000,379.7600,10.2400
2026-07-23 15:30:23,400.0000,375.0000,390.0000,378.8700,10.5900
2026-07-23 16:00:28,400.0000,375.0000,390.0000,378.5700,10.5900
2026-07-23 17:00:12,400.0000,380.0000,390.0000,380.4800,10.2000
2026-07-23 17:30:19,400.0000,380.0000,390.0000,381.3700,8.3800
2026-07-23 18:00:20,390.0000,380.0000,390.0000,380.9300,10.2100
2026-07-23 18:30:23,390.0000,380.0000,390.0000,381.2500,9.9400
2026-07-23 19:00:23,390.0000,380.0000,390.0000,381.3800,10.1500
2026-07-23 19:30:27,390.0000,380.0000,390.0000,380.7400,9.1000
2026-07-23 20:00:20,390.0000,380.0000,390.0000,380.2200,9.0200
2026-07-24 07:30:27,390.0000,380.0000,390.0000,382.0000,7.8600
2026-07-24 13:00:12,390.0000,375.0000,387.5000,385.9000,8.0800
2026-07-24 13:30:21,390.0000,375.0000,387.5000,385.8900,7.6800
2026-07-24 14:00:19,390.0000,375.0000,387.5000,382.7000,12.3900
2026-07-24 14:30:26,390.0000,375.0000,387.5000,381.2300,14.0100
2026-07-24 15:00:33,390.0000,380.0000,387.5000,383.2700,12.2400
2026-07-24 15:30:31,390.0000,380.0000,387.5000,384.9900,13.1300
2026-07-24 16:00:27,387.5000,380.0000,387.5000,384.2700,12.0200
2026-07-24 16:30:21,387.5000,380.0000,387.5000,384.2700,11.7400
2026-07-24 17:00:23,387.5000,380.0000,387.5000,384.4500,11.8100
2026-07-24 17:30:28,387.5000,380.0000,387.5000,384.1400,15.7400
2026-07-24 17:59:28,387.5000,380.0000,387.5000,384.1000,12.2300
2026-07-24 18:00:43,387.5000,380.0000,387.5000,384.0700,11.4900
2026-07-24 18:30:26,387.5000,380.0000,387.5000,384.5600,12.7100
2026-07-24 19:00:27,387.5000,380.0000,387.5000,384.4500,18.3300
2026-07-24 19:30:30,387.5000,380.0000,387.5000,384.3600,20.2100
2026-07-24 20:00:32,387.5000,380.0000,387.5000,382.6400,20.4100
2026-07-27 07:49:46,400.0000,350.0000,382.5000,381.4000,15.6400
2026-07-27 09:33:31,430.0000,350.0000,387.5000,385.9300,15.8500
2026-07-27 13:00:11,430.0000,350.0000,387.5000,387.8000,15.9300
2026-07-27 13:30:20,430.0000,350.0000,387.5000,388.6300,15.9500
2026-07-27 14:00:19,430.0000,370.0000,387.5000,390.4300,20.1000
2026-07-27 14:30:26,430.0000,370.0000,387.5000,391.8900,20.4000
2026-07-27 15:00:27,430.0000,370.0000,387.5000,389.9400,20.4800
2026-07-27 15:30:20,430.0000,370.0000,387.5000,392.9900,20.5600
2026-07-27 16:00:18,430.0000,370.0000,387.5000,391.3700,20.5100
2026-07-27 16:30:25,430.0000,370.0000,387.5000,390.1400,20.5600
2026-07-27 17:00:24,430.0000,370.0000,387.5000,391.2400,20.5600
2026-07-27 17:30:19,430.0000,370.0000,387.5000,391.5600,20.7900
2026-07-27 18:00:21,430.0000,370.0000,387.5000,392.2700,20.8700
2026-07-27 18:30:23,430.0000,370.0000,387.5000,393.6400,20.8800
2026-07-27 19:00:23,430.0000,370.0000,387.5000,393.3000,20.9300
2026-07-27 19:30:21,430.0000,370.0000,387.5000,392.1000,20.8800
2026-07-27 20:00:18,430.0000,370.0000,387.5000,390.1100,20.8600
2026-07-28 09:54:52,430.0000,370.0000,387.5000,392.7800,21.3800
2026-07-28 13:00:16,430.0000,370.0000,387.5000,395.9400,21.5800
2026-07-28 13:30:28,430.0000,370.0000,387.5000,394.6600,21.4900
2026-07-28 14:00:19,430.0000,370.0000,387.5000,394.4900,23.2100
2026-07-28 14:30:18,430.0000,370.0000,387.5000,394.2400,23.5300
2026-07-28 15:00:19,430.0000,370.0000,387.5000,396.1900,23.8900
2026-07-28 15:30:24,430.0000,370.0000,387.5000,397.9500,24.4900
2026-07-28 16:00:31,430.0000,370.0000,387.5000,398.9900,24.4100
2026-07-28 16:30:31,430.0000,370.0000,387.5000,397.4600,24.7400
2026-07-28 17:00:32,430.0000,370.0000,387.5000,398.5700,24.4800
2026-07-28 17:30:29,430.0000,370.0000,387.5000,397.7600,24.6000
2026-07-28 18:00:30,430.0000,370.0000,387.5000,398.8600,24.5300
2026-07-28 18:30:34,430.0000,370.0000,387.5000,397.2900,24.3800
2026-07-28 19:00:29,430.0000,370.0000,387.5000,397.3700,24.3400
2026-07-28 19:30:29,430.0000,370.0000,387.5000,394.3000,24.0100
2026-07-28 20:00:28,430.0000,370.0000,387.5000,393.0800,24.1800
2026-07-29 06:58:03,430.0000,370.0000,387.5000,395.0100,24.6700
2026-07-29 13:00:11,430.0000,380.0000,390.0000,394.7000,24.6600
2026-07-29 13:30:25,430.0000,380.0000,390.0000,394.3200,24.6400
2026-07-29 14:00:31,430.0000,380.0000,390.0000,390.2500,27.4300
2026-07-29 14:30:30,430.0000,380.0000,390.0000,391.3700,26.6800
2026-07-29 15:00:24,430.0000,380.0000,390.0000,394.2000,26.6200
2026-07-29 15:30:27,430.0000,380.0000,390.0000,395.1400,27.3500
2026-07-29 16:00:32,430.0000,380.0000,390.0000,394.1500,26.8100
2026-07-29 16:30:32,430.0000,380.0000,390.0000,393.3800,26.6400
2026-07-29 17:00:28,430.0000,380.0000,390.0000,394.0300,27.0300
2026-07-29 17:30:28,430.0000,380.0000,390.0000,395.7900,27.6100
2026-07-29 18:00:25,430.0000,380.0000,390.0000,396.0600,27.1200
2026-07-29 18:13:19,430.0000,380.0000,390.0000,395.5900,27.5100
2026-07-29 18:30:30,430.0000,380.0000,390.0000,398.2100,27.4000
2026-07-29 19:00:31,430.0000,380.0000,390.0000,398.7700,27.7600
2026-07-29 19:30:26,430.0000,380.0000,390.0000,397.9500,27.9600
2026-07-29 19:57:33,430.0000,380.0000,390.0000,394.0300,27.9500
2026-07-29 20:00:29,430.0000,380.0000,390.0000,392.9700,28.0300
2026-07-30 13:00:16,430.0000,380.0000,395.0000,425.9600,30.4700
2026-07-30 13:18:23,430.0000,380.0000,395.0000,427.3300,30.4000
2026-07-30 13:30:23,430.0000,380.0000,395.0000,427.1500,30.3900
2026-07-30 14:00:26,450.0000,380.0000,395.0000,448.1200,18.5000
2026-07-30 14:30:32,450.0000,380.0000,395.0000,446.2600,17.8200
2026-07-30 15:00:32,460.0000,380.0000,395.0000,451.1600,17.4800
2026-07-30 15:30:27,450.0000,380.0000,395.0000,444.2300,16.6800
2026-07-30 16:00:27,450.0000,380.0000,395.0000,449.1300,16.9100
2026-07-30 16:30:27,460.0000,380.0000,395.0000,456.0500,17.7900
2026-07-30 17:00:26,460.0000,380.0000,395.0000,453.5400,16.6600
2026-07-30 17:30:27,460.0000,380.0000,395.0000,455.8000,16.7500
2026-07-30 18:00:26,460.0000,380.0000,395.0000,456.3600,16.2100
2026-07-30 18:30:29,460.0000,380.0000,395.0000,458.5900,16.1800
2026-07-30 19:00:28,460.0000,380.0000,395.0000,456.0500,16.0300
2026-07-30 19:30:24,460.0000,380.0000,395.0000,455.0900,16.1800
2026-07-30 20:00:25,460.0000,380.0000,395.0000,455.4400,16.1000
2026-07-31 09:13:59,460.0000,445.0000,447.5000,448.2400,16.6100
2026-07-31 13:00:15,460.0000,445.0000,447.5000,451.1100,16.6900
2026-07-31 13:30:32,460.0000,445.0000,447.5000,451.6100,16.7200
2026-07-31 14:00:30,460.0000,445.0000,447.5000,459.8000,22.6200
2026-07-31 14:30:30,460.0000,445.0000,447.5000,457.3200,22.3900
2026-07-31 15:00:32,460.0000,445.0000,447.5000,455.7900,20.4600
2026-07-31 15:30:24,460.0000,445.0000,447.5000,454.6700,19.6600
2026-07-31 15:46:30,460.0000,445.0000,447.5000,457.6400,19.6100
2026-07-31 15:53:32,460.0000,445.0000,447.5000,457.1400,15.3700
2026-07-31 16:00:29,465.0000,445.0000,447.5000,460.4600,19.9400
2026-07-31 16:30:25,465.0000,445.0000,447.5000,462.5500,21.2700
2026-07-31 17:00:24,465.0000,445.0000,447.5000,463.5200,20.7800
2026-07-31 17:30:26,465.0000,445.0000,447.5000,461.7400,19.5200
2026-07-31 18:00:31,465.0000,445.0000,447.5000,461.4500,20.7200
2026-07-31 18:30:33,465.0000,445.0000,447.5000,462.0700,20.1600
2026-07-31 18:33:08,465.0000,445.0000,447.5000,462.0500,24.4700
2026-07-31 18:36:40,465.0000,445.0000,447.5000,462.2100,25.0800
2026-07-31 19:00:31,465.0000,445.0000,447.5000,462.2500,23.2800
2026-07-31 19:30:29,465.0000,445.0000,447.5000,462.1100,25.8200
2026-07-31 21:21:21,465.0000,445.0000,447.5000,462.8600,28.1900
2026-08-03 08:57:20,470.0000,442.5000,450.0000,461.8100,9.5800
2026-08-03 11:04:03,480.0000,442.5000,450.0000,471.3900,9.6100
2026-08-03 13:00:14,480.0000,442.5000,450.0000,475.4900,9.6100
2026-08-03 13:30:28,480.0000,442.5000,450.0000,473.9300,9.5300
2026-08-03 14:00:30,500.0000,442.5000,450.0000,488.7800,12.7000
2026-08-03 14:30:31,500.0000,442.5000,450.0000,486.7000,11.5400
2026-08-03 15:00:23,500.0000,442.5000,450.0000,487.3100,11.6600
2026-08-03 15:30:19,500.0000,442.5000,450.0000,482.0200,11.6600
2026-08-03 16:00:19,500.0000,442.5000,450.0000,487.6900,12.0200
2026-08-03 16:23:34,500.0000,442.5000,450.0000,486.5100,11.7600
2026-08-03 16:30:22,500.0000,442.5000,450.0000,486.9100,11.7600
2026-08-03 16:44:03,500.0000,442.5000,450.0000,487.3800,11.7200
2026-08-03 17:00:24,500.0000,442.5000,450.0000,489.1500,11.8900
2026-08-03 17:20:51,500.0000,442.5000,450.0000,488.6100,11.9300
2026-08-03 17:29:01,500.0000,442.5000,450.0000,488.0700,11.8100
2026-08-03 17:30:25,500.0000,442.5000,450.0000,488.0700,11.8300
2026-08-03 18:00:23,500.0000,442.5000,450.0000,488.6500,11.9100
2026-08-03 18:10:47,500.0000,442.5000,450.0000,488.6300,11.9400
2026-08-03 18:30:30,500.0000,442.5000,450.0000,489.5000,12.0700
2026-08-03 19:00:32,500.0000,442.5000,450.0000,490.8200,12.1300
2026-08-03 19:30:30,500.0000,442.5000,450.0000,488.5800,11.9200
2026-08-03 20:00:31,500.0000,442.5000,450.0000,489.1100,11.8500
2026-08-04 13:39:32,500.0000,442.5000,455.0000,476.1400,12.0000
2026-08-04 13:48:27,500.0000,442.5000,455.0000,487.5000,12.5600
2026-08-04 14:00:22,500.0000,442.5000,455.0000,484.5100,11.8500
2026-08-04 14:30:20,500.0000,442.5000,455.0000,493.4200,12.4500
2026-08-04 15:00:22,500.0000,442.5000,455.0000,496.5900,12.3100
2026-08-04 15:30:26,500.0000,427.5000,455.0000,496.7500,12.3900
2026-08-04 15:40:23,500.0000,442.5000,455.0000,499.3000,12.5500
2026-08-04 16:00:22,500.0000,442.5000,455.0000,496.8000,12.4100
2026-08-04 16:30:22,500.0000,442.5000,455.0000,497.2000,12.2900
2026-08-04 17:00:19,500.0000,442.5000,455.0000,494.8000,12.1300
2026-08-04 17:30:18,500.0000,442.5000,455.0000,495.1400,12.2300
2026-08-04 18:00:21,500.0000,442.5000,455.0000,495.6000,12.2800
2026-08-04 18:30:25,500.0000,442.5000,455.0000,496.8500,12.3100
2026-08-04 19:00:25,500.0000,442.5000,455.0000,496.3000,12.2500
2026-08-04 19:26:29,500.0000,442.5000,455.0000,496.8500,12.3400
2026-08-04 19:30:26,500.0000,442.5000,455.0000,497.7000,12.2300
2026-08-04 20:00:23,500.0000,442.5000,455.0000,496.8800,11.9800
2026-08-05 08:52:09,500.0000,442.5000,455.0000,490.5200,12.4300
2026-08-05 12:44:26,500.0000,485.0000,495.0000,497.3900,11.6100
2026-08-05 13:00:22,500.0000,485.0000,495.0000,496.6800,11.6600
2026-08-05 13:30:20,500.0000,485.0000,500.0000,498.8100,11.6700
2026-08-05 14:00:20,500.0000,485.0000,495.0000,492.7600,13.0600
2026-08-05 14:30:21,500.0000,485.0000,490.0000,489.3800,12.4100
2026-08-05 14:52:59,500.0000,485.0000,490.0000,490.6500,12.1800
2026-08-05 15:00:26,500.0000,485.0000,490.0000,490.5000,12.4200
2026-08-05 15:30:24,500.0000,485.0000,490.0000,490.6600,12.0800
2026-08-05 16:00:23,500.0000,485.0000,490.0000,489.3300,11.8100
2026-08-05 16:18:20,500.0000,485.0000,490.0000,489.1000,11.9100
2026-08-05 16:30:25,500.0000,485.0000,490.0000,487.8600,11.6100
2026-08-05 17:00:27,500.0000,485.0000,490.0000,488.8000,11.7300
2026-08-05 17:30:22,500.0000,485.0000,490.0000,488.8000,11.5000
2026-08-05 18:00:23,500.0000,485.0000,490.0000,488.4900,11.4500
2026-08-05 18:30:29,500.0000,485.0000,490.0000,489.7300,11.8500
2026-08-05 18:55:25,500.0000,485.0000,490.0000,489.2300,11.6900
2026-08-05 19:00:24,500.0000,485.0000,490.0000,489.7400,11.5100
2026-08-05 19:30:29,500.0000,485.0000,490.0000,490.9800,11.2400
2026-08-05 19:41:51,500.0000,485.0000,490.0000,490.5300,11.8400
2026-08-05 19:54:12,500.0000,485.0000,490.0000,490.2500,11.7000
2026-08-05 20:00:31,500.0000,485.0000,490.0000,490.5600,11.7000
2026-08-06 10:52:19,500.0000,485.0000,490.0000,486.3500,11.8700
2026-08-06 13:00:11,500.0000,467.5000,482.5000,484.1700,12.4300
2026-08-06 13:22:51,500.0000,485.0000,482.5000,485.1300,12.1600
2026-08-06 13:30:24,500.0000,485.0000,482.5000,485.0000,12.1500
2026-08-06 14:00:18,500.0000,485.0000,490.0000,494.6100,13.8600
2026-08-06 14:30:20,500.0000,485.0000,490.0000,494.5500,13.0000
2026-08-06 15:00:21,500.0000,485.0000,490.0000,497.8400,13.3500
2026-08-06 15:30:17,500.0000,485.0000,490.0000,496.1700,12.7300
2026-08-06 16:00:18,500.0000,485.0000,490.0000,496.1800,12.4500
2026-08-06 16:30:17,500.0000,485.0000,490.0000,494.7100,13.2000
2026-08-06 17:00:17,500.0000,485.0000,490.0000,493.6500,13.1000
2026-08-06 17:30:18,500.0000,485.0000,490.0000,496.4400,11.5200
2026-08-06 18:00:18,500.0000,485.0000,490.0000,496.1200,11.9500
2026-08-06 18:30:21,500.0000,485.0000,490.0000,497.4200,11.1000
2026-08-06 19:00:27,500.0000,485.0000,490.0000,496.6600,12.0100
2026-08-06 19:30:25,500.0000,485.0000,490.0000,497.6800,12.3200
2026-08-06 20:00:20,500.0000,485.0000,490.0000,498.9200,12.7300
2026-08-07 11:02:13,500.0000,385.0000,450.0000,497.2200,9.3300
2026-08-07 13:00:11,500.0000,385.0000,450.0000,498.4800,9.3500
2026-08-07 13:30:19,500.0000,385.0000,450.0000,497.6300,9.3500
2026-08-07 14:00:17,510.0000,360.0000,450.0000,503.5300,9.2800
2026-08-07 14:30:24,510.0000,385.0000,450.0000,501.8600,8.9700
2026-08-07 15:00:24,510.0000,385.0000,450.0000,502.8200,8.7500
2026-08-07 15:30:21,510.0000,385.0000,450.0000,502.7600,8.6300
2026-08-07 16:00:29,510.0000,385.0000,450.0000,503.6100,8.7200
2026-08-07 16:30:28,510.0000,385.0000,450.0000,503.5300,8.6300
2026-08-07 17:00:24,510.0000,385.0000,450.0000,502.3900,8.6500
2026-08-07 17:30:21,510.0000,385.0000,450.0000,500.3900,8.5700
2026-08-07 18:00:21,500.0000,385.0000,450.0000,499.8000,8.5900
2026-08-07 18:30:24,510.0000,385.0000,450.0000,500.2200,8.5300
2026-08-07 19:00:24,500.0000,350.0000,450.0000,499.1900,8.4700
2026-08-07 19:30:26,510.0000,385.0000,450.0000,500.8300,8.4800
2026-08-07 20:00:27,510.0000,385.0000,450.0000,501.3600,8.4900
2026-08-10 04:00:12,500.0000,385.0000,450.0000,499.3800,8.4400
2026-08-10 05:09:07,500.0000,385.0000,450.0000,499.3800,8.4400
2026-08-10 08:09:43,500.0000,385.0000,450.0000,499.3800,8.4400
2026-08-10 10:27:19,500.0000,475.0000,480.0000,499.0900,8.4300
2026-08-10 13:00:12,500.0000,475.0000,480.0000,499.7100,8.4400
2026-08-10 13:30:24,510.0000,475.0000,480.0000,502.2500,8.4400
2026-08-10 14:00:25,510.0000,475.0000,480.0000,505.4000,9.3200
2026-08-10 14:23:30,530.0000,475.0000,480.0000,508.9900,9.1200
2026-08-10 14:30:24,530.0000,475.0000,480.0000,509.3200,9.1900
2026-08-10 15:00:24,530.0000,475.0000,480.0000,511.1100,9.2600
2026-08-10 15:12:02,530.0000,475.0000,480.0000,509.1200,9.1300
2026-08-10 15:30:33,530.0000,475.0000,480.0000,508.6300,9.0900
2026-08-10 16:00:26,530.0000,475.0000,480.0000,509.6600,9.1100
2026-08-10 16:30:25,530.0000,475.0000,480.0000,511.0600,9.1000
2026-08-10 17:00:36,530.0000,475.0000,480.0000,507.9800,9.0200
2026-08-10 17:30:28,530.0000,475.0000,480.0000,507.8800,8.9900
2026-08-10 18:00:22,530.0000,475.0000,480.0000,507.4500,8.9500
2026-08-10 18:12:42,510.0000,475.0000,480.0000,505.8100,8.9100
2026-08-10 18:30:27,510.0000,475.0000,480.0000,504.9400,9.0300
2026-08-10 19:00:23,510.0000,475.0000,480.0000,505.6500,8.8200
2026-08-10 19:30:21,510.0000,475.0000,480.0000,505.5600,8.7000
2026-08-10 19:33:37,510.0000,475.0000,480.0000,505.4600,8.6800
2026-08-10 20:00:25,510.0000,475.0000,480.0000,505.2000,8.9100
2026-08-11 05:18:09,510.0000,475.0000,480.0000,505.3300,8.7000
2026-08-11 13:00:13,510.0000,475.0000,505.0000,503.9600,8.8000
2026-08-11 13:30:31,510.0000,475.0000,505.0000,503.8000,8.8000
2026-08-11 14:00:35,510.0000,475.0000,500.0000,502.2000,8.9100
2026-08-11 14:30:33,510.0000,475.0000,500.0000,501.4000,8.5700
2026-08-11 15:00:32,510.0000,475.0000,505.0000,502.6800,8.4700
2026-08-11 15:30:29,510.0000,475.0000,505.0000,502.5600,8.5200
2026-08-11 16:00:25,510.0000,475.0000,500.0000,501.0800,8.4300
2026-08-11 16:30:22,510.0000,475.0000,500.0000,502.1200,8.4400
2026-08-11 17:00:21,510.0000,475.0000,500.0000,501.6100,8.3600
2026-08-11 17:30:22,510.0000,475.0000,500.0000,502.1200,8.4900
2026-08-11 18:00:26,510.0000,475.0000,505.0000,503.2400,8.4200
2026-08-11 18:30:29,510.0000,475.0000,505.0000,502.7500,8.4100
2026-08-11 19:00:29,510.0000,475.0000,505.0000,503.0100,8.3200
2026-08-11 19:30:27,510.0000,475.0000,505.0000,503.0200,8.3200
2026-08-11 20:00:28,510.0000,475.0000,505.0000,503.4900,8.3800
2026-08-12 05:12:21,510.0000,475.0000,500.0000,502.2300,8.4300
2026-08-12 10:19:54,500.0000,475.0000,500.0000,499.7400,8.4200
2026-08-12 13:00:10,510.0000,475.0000,500.0000,501.0000,8.3800
2026-08-12 13:30:24,510.0000,475.0000,500.0000,500.2600,8.3900
2026-08-12 14:00:30,500.0000,475.0000,500.0000,497.5100,8.4400
2026-08-12 14:30:31,500.0000,475.0000,495.0000,495.5600,8.2200
2026-08-12 15:00:30,500.0000,475.0000,495.0000,494.6700,8.0100
2026-08-12 15:11:26,500.0000,475.0000,495.0000,494.6300,8.1300
2026-08-12 15:30:34,500.0000,475.0000,495.0000,493.7000,8.1500
2026-08-12 16:00:34,500.0000,475.0000,495.0000,493.1300,8.0900
2026-08-12 16:30:33,500.0000,475.0000,495.0000,493.1000,8.0200
2026-08-12 17:00:28,500.0000,475.0000,495.0000,493.7400,8.0800
2026-08-12 17:30:25,500.0000,475.0000,495.0000,493.7500,8.0600
2026-08-12 18:00:23,500.0000,475.0000,495.0000,493.1300,8.0600
2026-08-12 18:30:23,500.0000,475.0000,490.0000,492.1100,8.1300
2026-08-12 19:00:26,500.0000,475.0000,495.0000,492.5200,8.1600
2026-08-12 19:30:27,500.0000,475.0000,495.0000,492.9400,8.2100
2026-08-12 20:00:28,500.0000,475.0000,495.0000,493.4600,8.1200
2026-08-13 07:51:52,500.0000,475.0000,490.0000,489.0000,8.2300
2026-08-13 13:00:14,500.0000,475.0000,495.0000,494.5000,8.2600
2026-08-13 13:30:24,500.0000,475.0000,495.0000,495.7000,8.1300
2026-08-13 14:00:19,500.0000,475.0000,500.0000,498.0200,8.1100
2026-08-13 14:30:22,510.0000,475.0000,500.0000,500.7900,8.3600
2026-08-13 15:00:25,500.0000,475.0000,500.0000,497.9800,8.0900
2026-08-13 15:30:24,500.0000,475.0000,495.0000,495.5200,7.9500
2026-08-13 16:00:25,500.0000,475.0000,495.0000,495.5900,7.9600
2026-08-13 16:30:28,500.0000,475.0000,495.0000,494.3200,7.9900
2026-08-13 17:00:25,500.0000,475.0000,495.0000,494.1800,7.9600
2026-08-13 17:30:20,500.0000,475.0000,495.0000,494.5600,7.8800
2026-08-13 18:00:23,500.0000,475.0000,495.0000,493.7100,7.7600
2026-08-13 18:11:13,500.0000,475.0000,495.0000,494.4600,7.7000
2026-08-13 18:30:31,500.0000,475.0000,495.0000,494.2100,7.6500
2026-08-13 19:00:30,500.0000,475.0000,495.0000,496.7700,8.0300
2026-08-13 19:30:29,500.0000,475.0000,495.0000,497.2300,8.0400
2026-08-13 20:00:30,500.0000,475.0000,500.0000,498.1200,7.9900
2026-08-14 06:54:16,500.0000,475.0000,495.0000,495.7200,7.9200
2026-08-14 13:00:10,500.0000,475.0000,495.0000,497.0000,7.9400
2026-08-14 13:30:22,500.0000,475.0000,495.0000,496.7800,7.9300
2026-08-14 14:00:21,500.0000,475.0000,495.0000,496.3200,7.8200
2026-08-14 14:30:18,500.0000,475.0000,500.0000,497.7600,7.4300
2026-08-14 15:00:23,500.0000,475.0000,500.0000,498.9400,7.5500
2026-08-14 15:30:27,500.0000,475.0000,500.0000,498.1500,7.4700
2026-08-14 16:00:22,500.0000,475.0000,500.0000,498.9000,7.5800
2026-08-14 16:30:22,500.0000,475.0000,500.0000,497.6700,7.2500
2026-08-14 17:00:27,500.0000,475.0000,495.0000,497.0300,7.2000
2026-08-14 17:30:27,500.0000,475.0000,495.0000,496.1200,7.2400
2026-08-14 18:00:22,500.0000,475.0000,495.0000,495.9800,7.2700
2026-08-14 18:30:20,500.0000,475.0000,495.0000,495.6300,7.1900
2026-08-14 19:00:23,500.0000,475.0000,495.0000,495.5100,7.1400
2026-08-14 19:30:26,500.0000,475.0000,495.0000,495.3700,7.1500
2026-08-14 20:00:23,500.0000,475.0000,495.0000,495.1200,7.1300
2026-08-17 04:00:11,500.0000,475.0000,495.0000,495.2500,7.1500
2026-08-17 05:07:26,500.0000,475.0000,495.0000,495.2500,7.1500
2026-08-17 13:15:25,500.0000,475.0000,490.0000,491.7100,7.0800
2026-08-17 15:00:10,500.0000,475.0000,480.0000,483.3100,8.5400
2026-08-17 15:30:27,500.0000,475.0000,480.0000,484.5300,8.4800
2026-08-17 16:00:27,500.0000,475.0000,480.0000,484.7400,8.2900
2026-08-17 16:30:27,500.0000,475.0000,480.0000,484.0000,8.7300
2026-08-17 17:00:26,500.0000,475.0000,480.0000,480.3200,8.8900
2026-08-17 17:30:21,480.0000,475.0000,480.0000,479.4900,8.6600
2026-08-17 18:00:26,480.0000,475.0000,480.0000,479.2600,9.0000
2026-08-17 18:30:27,480.0000,475.0000,480.0000,479.0200,8.8400
2026-08-17 19:00:25,480.0000,475.0000,480.0000,479.8400,8.9800
2026-08-17 19:30:22,500.0000,475.0000,480.0000,481.0800,8.8900
2026-08-17 20:00:23,500.0000,475.0000,480.0000,480.4400,8.8500
2026-08-18 04:59:33,480.0000,475.0000,480.0000,480.0000,8.8600
2026-08-18 07:40:18,480.0000,475.0000,480.0000,480.0000,8.8600
2026-08-18 13:00:12,500.0000,475.0000,485.0000,482.8000,8.9300
2026-08-18 13:30:27,500.0000,475.0000,485.0000,483.2400,8.9400
2026-08-18 14:00:23,500.0000,475.0000,485.0000,483.1400,9.7000
2026-08-18 14:30:24,500.0000,475.0000,480.0000,481.3800,9.5900
2026-08-18 15:00:32,500.0000,475.0000,480.0000,480.5700,9.2300
2026-08-18 15:30:28,500.0000,475.0000,480.0000,481.9100,9.2000
2026-08-18 16:00:22,500.0000,475.0000,480.0000,481.6200,9.0400
2026-08-18 16:30:22,500.0000,475.0000,485.0000,482.7100,9.2100
2026-08-18 17:00:23,500.0000,475.0000,480.0000,481.4000,8.9400
2026-08-18 17:30:20,500.0000,475.0000,480.0000,481.6700,8.8500
