time,open,high,low,close,volume
2026-05-28 09:08:05,220.0000,207.5000,212.5000,211.3000,5.4200
2026-05-28 13:00:12,220.0000,207.5000,212.5000,211.4500,5.4200
2026-05-28 13:30:27,220.0000,207.5000,212.5000,212.0800,5.4900
2026-05-28 14:00:31,220.0000,207.5000,212.5000,213.2500,6.3600
2026-05-28 14:30:30,220.0000,207.5000,212.5000,213.3700,6.2000
2026-05-28 15:00:28,215.0000,207.5000,212.5000,211.8700,5.8600
2026-05-28 15:30:29,215.0000,207.5000,212.5000,212.4900,5.6500
2026-05-28 15:34:56,215.0000,207.5000,212.5000,212.3500,5.7500
2026-05-28 15:45:44,215.0000,207.5000,212.5000,212.7900,5.6800
2026-05-28 15:48:08,215.0000,207.5000,212.5000,212.9300,5.6400
2026-05-28 16:00:25,215.0000,207.5000,212.5000,213.1100,5.7900
2026-05-28 16:30:27,215.0000,207.5000,212.5000,212.6200,5.6700
2026-05-28 16:59:11,215.0000,207.5000,212.5000,213.5700,5.6100
2026-05-28 17:00:24,215.0000,207.5000,212.5000,213.5200,5.5500
2026-05-28 17:30:28,215.0000,207.5000,212.5000,213.6000,5.6400
2026-05-28 18:00:31,215.0000,207.5000,212.5000,213.5800,5.5300
2026-05-28 18:30:27,220.0000,207.5000,212.5000,214.3900,5.8200
2026-05-28 19:00:26,220.0000,207.5000,212.5000,214.5400,5.7900
2026-05-28 19:20:57,215.0000,207.5000,212.5000,214.2000,5.6200
2026-05-28 19:30:28,215.0000,207.5000,212.5000,214.2800,5.5400
2026-05-28 20:00:30,215.0000,207.5000,212.5000,214.2600,5.4300
2026-05-29 05:44:50,215.0000,207.5000,212.5000,214.1500,5.3100
2026-05-29 08:47:44,215.0000,210.0000,212.5000,214.9000,5.2600
2026-05-29 13:00:15,215.0000,210.0000,212.5000,214.7000,5.2500
2026-05-29 13:30:32,215.0000,210.0000,212.5000,214.8000,5.3300
2026-05-29 14:00:26,220.0000,210.0000,212.5000,215.7700,8.2100
2026-05-29 14:30:24,217.5000,210.0000,212.5000,216.3500,7.8200
2026-05-29 15:00:31,215.0000,210.0000,212.5000,214.5700,8.2700
2026-05-29 15:30:29,217.5000,210.0000,212.5000,216.7400,8.6200
2026-05-29 16:00:26,215.0000,210.0000,212.5000,214.9700,7.8800
2026-05-29 16:30:29,217.5000,207.5000,212.5000,216.7900,7.3700
2026-05-29 17:00:27,217.5000,207.5000,212.5000,217.0800,8.3700
2026-05-29 17:30:23,217.5000,207.5000,212.5000,216.9300,9.1500
2026-05-29 18:00:21,217.5000,207.5000,212.5000,216.0800,8.1000
2026-05-29 18:30:21,217.5000,207.5000,212.5000,215.5600,8.7800
2026-05-29 19:00:29,217.5000,207.5000,212.5000,217.1800,9.6900
2026-05-29 19:30:30,220.0000,207.5000,212.5000,217.5400,11.3000
2026-05-29 20:00:31,217.5000,207.5000,212.5000,217.1200,14.5300
2026-06-01 04:00:10,217.5000,195.0000,210.0000,212.4900,5.8400
2026-06-01 07:35:38,217.5000,195.0000,210.0000,212.4900,5.8400
2026-06-01 13:00:09,225.0000,195.0000,212.5000,216.0100,5.9800
2026-06-01 13:30:21,225.0000,195.0000,212.5000,215.6200,6.0000
2026-06-01 14:00:21,225.0000,195.0000,212.5000,219.8200,7.0500
2026-06-01 14:27:47,225.0000,195.0000,212.5000,219.6500,6.9700
2026-06-01 14:30:27,225.0000,195.0000,212.5000,220.6900,7.1000
2026-06-01 15:00:24,225.0000,195.0000,212.5000,220.3300,6.8100
2026-06-01 15:30:24,225.0000,195.0000,212.5000,219.2400,6.7800
2026-06-01 15:41:46,225.0000,195.0000,212.5000,219.4300,6.8000
2026-06-01 16:00:22,225.0000,195.0000,212.5000,220.1000,6.7700
2026-06-01 16:30:22,225.0000,195.0000,212.5000,220.2700,6.7300
2026-06-01 17:00:23,225.0000,195.0000,212.5000,221.4600,6.8000
2026-06-01 17:28:36,225.0000,195.0000,212.5000,221.8100,6.7900
2026-06-01 17:30:23,225.0000,195.0000,212.5000,221.7400,6.8000
2026-06-01 18:00:25,225.0000,195.0000,212.5000,223.1000,6.7800
2026-06-01 18:30:29,225.0000,195.0000,212.5000,223.1500,6.7500
2026-06-01 19:00:27,225.0000,195.0000,212.5000,224.3900,6.8100
2026-06-01 19:30:30,225.0000,195.0000,212.5000,224.7300,6.8600
2026-06-01 20:00:26,225.0000,195.0000,212.5000,223.6000,6.7900
2026-06-02 10:56:07,230.0000,195.0000,212.5000,228.3900,7.0600
2026-06-02 13:00:15,230.0000,195.0000,212.5000,227.1100,7.0200
2026-06-02 13:30:28,230.0000,195.0000,212.5000,226.1600,6.9600
2026-06-02 14:00:29,230.0000,195.0000,212.5000,226.2600,7.1800
2026-06-02 14:30:33,230.0000,195.0000,212.5000,229.9100,7.5800
2026-06-02 15:00:31,230.0000,195.0000,212.5000,227.3400,7.4500
2026-06-02 15:30:25,230.0000,195.0000,212.5000,226.6300,7.3700
2026-06-02 16:00:25,230.0000,195.0000,212.5000,225.7100,7.2700
2026-06-02 16:30:27,230.0000,195.0000,212.5000,225.6900,7.1700
2026-06-02 17:00:27,230.0000,195.0000,212.5000,225.1600,6.9400
2026-06-02 17:30:30,230.0000,195.0000,212.5000,225.5300,6.9200
2026-06-02 18:00:29,225.0000,195.0000,212.5000,223.0200,6.8300
2026-06-02 18:30:25,225.0000,195.0000,212.5000,223.4700,6.8100
2026-06-02 19:00:29,225.0000,195.0000,212.5000,222.3400,6.7100
2026-06-02 19:30:33,225.0000,195.0000,212.5000,223.0600,6.6400
2026-06-02 20:00:33,225.0000,195.0000,212.5000,222.0400,6.5000
2026-06-03 04:54:46,225.0000,195.0000,212.5000,221.7900,6.4200
2026-06-03 13:00:09,225.0000,195.0000,212.5000,222.4400,6.4400
2026-06-03 13:30:22,225.0000,195.0000,212.5000,222.4800,6.4400
2026-06-03 14:00:21,225.0000,195.0000,212.5000,218.5600,7.0200
2026-06-03 14:30:20,217.5000,195.0000,212.5000,216.3500,6.7100
2026-06-03 15:00:27,217.5000,195.0000,212.5000,215.7900,6.5700
2026-06-03 15:30:25,217.5000,195.0000,212.5000,216.3500,6.4900
2026-06-03 16:00:19,217.5000,195.0000,212.5000,216.7600,6.5600
2026-06-03 16:30:22,217.5000,210.0000,212.5000,216.3200,6.3000
2026-06-03 17:00:27,217.5000,210.0000,212.5000,215.0200,6.3800
2026-06-03 17:30:29,217.5000,210.0000,212.5000,215.5500,6.3900
2026-06-03 18:00:31,217.5000,210.0000,212.5000,215.7800,6.3500
2026-06-03 18:30:34,217.5000,210.0000,212.5000,215.3900,6.3600
2026-06-03 19:00:33,217.5000,210.0000,212.5000,215.7500,6.3000
2026-06-03 19:30:33,217.5000,210.0000,212.5000,215.7500,6.3700
2026-06-03 20:00:32,217.5000,210.0000,212.5000,215.8100,6.2400
2026-06-04 10:47:23,220.0000,202.5000,213.0000,212.9200,5.4400
2026-06-04 13:00:16,220.0000,202.5000,213.0000,212.2500,5.4200
2026-06-04 13:30:33,220.0000,202.5000,213.0000,213.3400,5.4500
2026-06-04 14:00:33,220.0000,202.5000,213.0000,213.4700,5.4900
2026-06-04 14:30:29,220.0000,202.5000,213.0000,212.6300,5.3000
2026-06-04 15:00:27,220.0000,202.5000,215.0000,214.2800,5.2300
2026-06-04 15:30:25,220.0000,202.5000,215.0000,215.6100,5.2200
2026-06-04 16:00:26,220.0000,202.5000,217.0000,216.5800,5.3200
2026-06-04 16:30:29,220.0000,202.5000,217.0000,217.7000,5.4500
2026-06-04 17:00:25,220.0000,202.5000,217.0000,218.3400,5.4000
2026-06-04 17:30:25,220.0000,202.5000,217.0000,218.7400,5.3200
2026-06-04 18:00:30,220.0000,202.5000,217.0000,219.2200,5.3800
2026-06-04 18:30:32,230.0000,202.5000,217.0000,220.2800,5.4500
2026-06-04 19:00:31,230.0000,202.5000,217.0000,220.6400,5.4100
2026-06-04 19:30:27,230.0000,202.5000,217.0000,220.9100,5.4200
2026-06-04 20:00:23,230.0000,202.5000,217.0000,219.9400,5.3200
2026-06-05 09:31:14,220.0000,202.5000,215.0000,215.9900,5.1700
2026-06-05 13:00:11,220.0000,202.5000,215.0000,215.3700,5.1700
2026-06-05 13:30:25,220.0000,202.5000,215.0000,214.5300,5.1500
2026-06-05 14:00:31,220.0000,202.5000,213.0000,213.5900,5.2100
2026-06-05 14:30:32,220.0000,202.5000,213.0000,212.1700,5.2200
2026-06-05 15:00:32,220.0000,202.5000,210.0000,210.9300,5.1400
2026-06-05 15:30:27,220.0000,202.5000,210.0000,209.7300,5.2800
2026-06-05 16:00:24,220.0000,202.5000,210.0000,208.1300,5.3300
2026-06-05 16:30:26,220.0000,202.5000,210.0000,208.8400,5.4300
2026-06-05 17:00:29,220.0000,202.5000,205.0000,207.4000,5.5800
2026-06-05 17:30:28,220.0000,202.5000,205.0000,207.1800,5.5400
2026-06-05 18:00:21,220.0000,202.5000,210.0000,207.9500,5.4200
2026-06-05 18:30:25,220.0000,202.5000,205.0000,206.4100,5.4700
2026-06-05 19:00:34,220.0000,202.5000,205.0000,205.2400,5.7000
2026-06-05 19:30:33,220.0000,202.5000,205.0000,204.9600,5.8000
2026-06-05 20:00:26,220.0000,202.5000,205.0000,205.9500,5.7600
2026-06-08 07:05:28,220.0000,202.5000,205.0000,204.0400,5.5800
2026-06-08 08:48:59,220.0000,202.5000,205.0000,204.0400,5.5800
2026-06-08 13:00:10,220.0000,202.5000,210.0000,210.4000,5.6800
2026-06-08 13:30:20,220.0000,202.5000,210.0000,210.5400,5.5900
2026-06-08 14:00:20,220.0000,202.5000,210.0000,208.7600,5.8300
2026-06-08 14:30:20,210.0000,202.5000,205.0000,207.3000,5.7000
2026-06-08 14:34:27,210.0000,202.5000,205.0000,206.9100,5.7000
2026-06-08 15:00:23,210.0000,202.5000,210.0000,208.1600,5.6200
2026-06-08 15:30:28,220.0000,202.5000,210.0000,208.6200,5.5600
2026-06-08 16:00:27,220.0000,202.5000,210.0000,208.5800,5.6500
2026-06-08 16:30:22,220.0000,202.5000,210.0000,209.0000,5.7000
2026-06-08 17:00:20,220.0000,202.5000,210.0000,208.4400,5.6200
2026-06-08 17:30:21,220.0000,202.5000,210.0000,208.2900,5.6100
2026-06-08 18:00:27,220.0000,202.5000,210.0000,208.5700,5.6200
2026-06-08 18:30:28,220.0000,202.5000,210.0000,209.0700,5.5400
2026-06-08 19:00:30,220.0000,202.5000,210.0000,208.8600,5.5200
2026-06-08 19:30:28,210.0000,202.5000,210.0000,208.0800,5.4900
2026-06-08 20:00:23,210.0000,202.5000,210.0000,207.7700,5.4100
2026-06-09 09:24:26,220.0000,207.5000,210.0000,210.3200,5.4800
2026-06-09 09:44:56,220.0000,207.5000,210.0000,210.2600,5.4800
2026-06-09 12:03:09,220.0000,207.5000,210.0000,209.1900,5.4500
2026-06-09 13:00:12,220.0000,207.5000,210.0000,209.1500,5.4500
2026-06-09 13:30:22,220.0000,207.5000,210.0000,209.5000,5.4600
2026-06-09 14:00:25,220.0000,207.5000,210.0000,210.2000,5.3700
2026-06-09 14:30:30,210.0000,202.5000,205.0000,206.9700,5.3200
2026-06-09 15:00:22,210.0000,202.5000,205.0000,206.7100,5.3700
2026-06-09 15:30:21,210.0000,202.5000,205.0000,206.5000,5.3800
2026-06-09 16:00:29,210.0000,202.5000,205.0000,204.6500,5.4900
2026-06-09 16:30:34,210.0000,170.0000,200.0000,201.8300,5.7000
2026-06-09 17:00:30,210.0000,170.0000,200.0000,200.6800,5.9200
2026-06-09 17:30:28,210.0000,202.5000,205.0000,202.9600,5.7600
2026-06-09 18:00:30,210.0000,202.5000,205.0000,205.3500,5.5800
2026-06-09 18:30:28,210.0000,202.5000,205.0000,205.3200,5.5100
2026-06-09 19:00:27,210.0000,202.5000,205.0000,206.5000,5.4700
2026-06-09 19:30:27,210.0000,202.5000,205.0000,206.0800,5.4800
2026-06-09 20:00:30,210.0000,202.5000,205.0000,206.1600,5.6100
2026-06-10 06:50:51,210.0000,202.5000,205.0000,206.5700,5.6000
2026-06-10 12:17:37,210.0000,202.5000,205.0000,203.4800,5.5900
2026-06-10 13:01:11,210.0000,202.5000,205.0000,205.3500,5.5700
2026-06-10 13:30:23,210.0000,202.5000,205.0000,205.1700,5.6000
2026-06-10 14:00:20,210.0000,202.5000,205.0000,206.4300,5.6400
2026-06-10 14:03:13,210.0000,202.5000,205.0000,205.8900,5.6100
2026-06-10 14:30:41,210.0000,202.5000,205.0000,206.0200,5.5700
2026-06-10 14:39:47,210.0000,202.5000,205.0000,206.0400,5.5600
2026-06-10 15:00:22,210.0000,202.5000,205.0000,206.0900,5.5800
2026-06-10 15:06:26,210.0000,202.5000,205.0000,205.5000,5.6300
2026-06-10 15:30:27,210.0000,202.5000,205.0000,202.6600,5.7800
2026-06-10 16:00:25,210.0000,202.5000,205.0000,203.3700,5.7300
2026-06-10 16:30:25,210.0000,202.5000,205.0000,202.8000,5.7300
2026-06-10 17:00:19,210.0000,202.5000,205.0000,203.2200,5.6700
2026-06-10 17:30:19,210.0000,170.0000,200.0000,202.2700,5.7000
2026-06-10 18:00:28,210.0000,170.0000,200.0000,201.9500,5.6800
2026-06-10 18:30:28,210.0000,202.5000,205.0000,202.6700,5.6300
2026-06-10 19:00:25,210.0000,170.0000,200.0000,201.8800,5.7300
2026-06-10 19:30:26,210.0000,170.0000,200.0000,200.6300,5.8000
2026-06-10 20:00:22,210.0000,170.0000,200.0000,201.2500,5.8800
2026-06-11 09:35:36,210.0000,170.0000,205.0000,203.2800,5.8100
2026-06-11 13:00:10,210.0000,170.0000,200.0000,201.5300,5.8100
2026-06-11 13:30:24,210.0000,170.0000,200.0000,201.9200,5.8100
2026-06-11 14:00:23,210.0000,195.0000,200.0000,202.1500,5.6400
2026-06-11 14:30:21,210.0000,195.0000,200.0000,202.0100,5.4700
2026-06-11 15:00:21,210.0000,195.0000,200.0000,202.3400,5.4800
2026-06-11 15:14:13,210.0000,195.0000,200.0000,200.3900,5.5600
2026-06-11 15:30:23,210.0000,195.0000,200.0000,201.3700,5.5200
2026-06-11 15:37:24,210.0000,195.0000,200.0000,201.4700,5.4900
2026-06-11 15:40:19,210.0000,195.0000,200.0000,201.3000,5.5100
2026-06-11 16:00:28,210.0000,195.0000,200.0000,201.0300,5.4500
2026-06-11 16:31:19,210.0000,195.0000,200.0000,201.9500,5.3900
2026-06-11 16:50:12,210.0000,195.0000,200.0000,201.8200,5.4100
2026-06-11 17:00:34,210.0000,195.0000,200.0000,201.3800,5.3800
2026-06-11 17:08:38,210.0000,195.0000,200.0000,201.0800,5.4200
2026-06-11 17:26:37,210.0000,195.0000,200.0000,200.4800,5.3500
2026-06-11 17:30:30,210.0000,195.0000,200.0000,200.1000,5.3600
2026-06-11 18:00:24,210.0000,202.5000,205.0000,203.8200,5.3600
2026-06-11 18:30:24,210.0000,202.5000,205.0000,202.5700,5.2200
2026-06-11 19:00:32,210.0000,195.0000,200.0000,202.2200,5.1700
2026-06-11 19:30:30,210.0000,202.5000,205.0000,203.1000,5.2700
2026-06-11 20:00:29,210.0000,202.5000,205.0000,205.5100,5.4100
2026-06-12 12:19:22,210.0000,202.5000,205.0000,206.0300,5.4400
2026-06-12 13:00:09,210.0000,202.5000,205.0000,205.3400,5.4200
2026-06-12 13:30:20,210.0000,202.5000,205.0000,204.4000,5.4200
2026-06-12 14:00:19,210.0000,202.5000,205.0000,204.6800,5.3500
2026-06-12 14:23:37,210.0000,202.5000,205.0000,205.3600,5.1500
2026-06-12 14:30:23,210.0000,202.5000,205.0000,205.7000,5.1200
2026-06-12 14:32:12,210.0000,202.5000,205.0000,205.7900,5.1100
2026-06-12 15:00:28,210.0000,202.5000,205.0000,204.6600,5.1100
2026-06-12 15:30:23,210.0000,202.5000,205.0000,206.1500,4.9900
2026-06-12 16:00:21,210.0000,202.5000,205.0000,205.2700,5.1400
2026-06-12 16:30:24,210.0000,202.5000,205.0000,205.3700,4.9400
2026-06-12 17:00:22,210.0000,202.5000,205.0000,204.6900,4.9100
2026-06-12 17:30:25,210.0000,202.5000,205.0000,204.7500,4.8400
2026-06-12 18:00:31,210.0000,202.5000,205.0000,205.0000,4.8000
2026-06-12 18:30:30,210.0000,202.5000,205.0000,204.9700,4.7700
2026-06-12 19:00:25,210.0000,202.5000,205.0000,205.1700,4.8200
2026-06-12 19:30:26,210.0000,202.5000,205.0000,204.9200,4.8000
2026-06-12 20:00:31,210.0000,202.5000,205.0000,204.2100,4.7400
2026-06-15 04:00:10,210.0000,202.5000,205.0000,205.4200,4.6600
2026-06-15 06:54:22,210.0000,202.5000,205.0000,205.4200,4.6600
2026-06-15 13:00:10,210.0000,202.5000,210.0000,207.9500,4.7300
2026-06-15 13:30:21,210.0000,202.5000,210.0000,208.2700,4.7400
2026-06-15 14:00:24,210.0000,202.5000,210.0000,209.0200,5.8000
2026-06-15 14:30:30,210.0000,202.5000,210.0000,209.0100,5.4800
2026-06-15 15:00:29,210.0000,202.5000,210.0000,209.5000,5.3900
2026-06-15 15:22:29,215.0000,202.5000,210.0000,211.1600,5.3100
2026-06-15 15:30:30,215.0000,202.5000,210.0000,211.2100,5.3200
2026-06-15 16:00:23,215.0000,202.5000,212.5000,211.7100,5.3900
2026-06-15 16:30:23,215.0000,202.5000,212.5000,212.4900,5.4800
2026-06-15 17:00:29,215.0000,202.5000,212.5000,212.2200,5.3100
2026-06-15 17:30:25,215.0000,202.5000,212.5000,212.1600,5.2700
2026-06-15 18:00:21,215.0000,202.5000,212.5000,212.2500,5.2800
2026-06-15 18:30:21,215.0000,202.5000,212.5000,212.1100,5.2800
2026-06-15 19:00:25,215.0000,202.5000,212.5000,212.2700,5.2900
2026-06-15 19:30:28,215.0000,202.5000,212.5000,212.0100,5.2400
2026-06-15 20:00:29,215.0000,202.5000,212.5000,211.6800,5.1100
2026-06-16 13:00:09,215.0000,202.5000,205.0000,211.1400,5.1000
2026-06-16 13:30:23,215.0000,202.5000,205.0000,211.0500,5.1000
2026-06-16 14:00:23,210.0000,202.5000,205.0000,209.5000,5.4100
2026-06-16 14:12:32,210.0000,202.5000,205.0000,209.5000,5.2800
2026-06-16 14:30:22,210.0000,202.5000,205.0000,209.5600,5.1800
2026-06-16 15:00:18,210.0000,202.5000,205.0000,209.4300,5.2200
2026-06-16 15:05:25,210.0000,202.5000,205.0000,209.3900,5.2600
2026-06-16 15:30:19,210.0000,202.5000,205.0000,209.6400,4.8900
2026-06-16 16:00:19,210.0000,202.5000,205.0000,208.9700,5.2300
2026-06-16 16:30:20,210.0000,202.5000,205.0000,209.4400,5.1400
2026-06-16 17:00:22,210.0000,202.5000,205.0000,208.8400,5.1300
2026-06-16 17:30:24,210.0000,202.5000,205.0000,209.1600,5.1000
2026-06-16 18:00:23,210.0000,202.5000,205.0000,209.2200,5.1200
2026-06-16 18:30:20,210.0000,202.5000,205.0000,209.5100,5.0700
2026-06-16 19:00:25,210.0000,202.5000,205.0000,208.9900,5.1100
2026-06-16 19:30:26,210.0000,202.5000,205.0000,208.5200,5.2000
2026-06-16 20:00:24,210.0000,202.5000,205.0000,208.6700,5.1400
2026-06-17 10:53:40,210.0000,202.5000,205.0000,208.1500,5.1100
2026-06-17 13:00:09,210.0000,202.5000,205.0000,208.3400,5.1100
2026-06-17 13:30:17,210.0000,202.5000,205.0000,208.4000,5.1100
2026-06-17 14:00:17,210.0000,202.5000,205.0000,208.3100,5.7700
2026-06-17 14:30:20,210.0000,202.5000,205.0000,207.4700,5.3900
2026-06-17 15:00:23,210.0000,202.5000,205.0000,207.4100,5.5600
2026-06-17 15:30:25,210.0000,202.5000,205.0000,206.8400,5.4400
2026-06-17 16:00:22,210.0000,202.5000,205.0000,206.3700,5.0300
2026-06-17 16:30:22,210.0000,202.5000,205.0000,207.1200,5.5500
2026-06-17 17:00:30,210.0000,202.5000,205.0000,207.4300,5.5300
2026-06-17 17:30:29,210.0000,202.5000,205.0000,207.0400,5.5800
2026-06-17 18:00:30,210.0000,202.5000,205.0000,207.3500,5.6100
2026-06-17 18:30:48,210.0000,202.5000,205.0000,206.1800,5.7000
2026-06-17 19:01:16,210.0000,202.5000,205.0000,207.4400,5.6400
2026-06-17 19:31:11,210.0000,202.5000,205.0000,206.3000,5.4200
2026-06-17 20:00:48,210.0000,202.5000,205.0000,203.7500,6.1900
2026-06-18 09:18:46,210.0000,202.5000,205.0000,206.6000,5.9200
2026-06-18 09:22:24,210.0000,202.5000,205.0000,206.6000,5.9200
2026-06-18 11:14:29,210.0000,202.5000,205.0000,206.8800,5.9700
2026-06-18 13:00:23,210.0000,202.5000,205.0000,207.6500,6.1300
2026-06-18 13:30:50,210.0000,202.5000,205.0000,207.8800,6.1600
2026-06-18 14:00:51,210.0000,202.5000,205.0000,207.1200,8.5600
2026-06-18 14:30:47,210.0000,202.5000,205.0000,208.5400,6.9300
2026-06-18 15:00:46,210.0000,202.5000,205.0000,209.0000,7.9300
2026-06-18 15:30:47,210.0000,202.5000,205.0000,209.5700,8.0500
2026-06-18 16:00:46,210.0000,202.5000,205.0000,208.0400,7.3000
2026-06-18 16:30:47,210.0000,202.5000,205.0000,209.1900,6.4500
2026-06-18 17:00:51,212.5000,202.5000,205.0000,210.7600,6.6000
2026-06-18 17:30:49,210.0000,202.5000,205.0000,209.9300,8.5900
2026-06-18 18:00:48,212.5000,202.5000,205.0000,210.1500,9.8400
2026-06-18 18:30:49,210.0000,202.5000,205.0000,209.8200,9.5200
2026-06-18 19:00:47,212.5000,202.5000,205.0000,210.0800,13.1600
2026-06-18 19:31:02,212.5000,202.5000,205.0000,210.1000,11.7300
2026-06-18 20:00:59,212.5000,202.5000,205.0000,210.0900,15.0100
2026-06-19 13:00:11,217.5000,200.0000,207.5000,210.3300,4.4400
2026-06-19 13:30:21,217.5000,200.0000,207.5000,210.3300,4.4400
2026-06-19 14:00:21,217.5000,200.0000,207.5000,210.3300,4.4400
2026-06-19 14:30:22,217.5000,200.0000,207.5000,210.3300,4.4400
2026-06-19 15:00:25,217.5000,200.0000,207.5000,210.3300,4.4400
2026-06-19 15:30:26,217.5000,200.0000,207.5000,210.3300,4.4400
2026-06-19 16:00:26,217.5000,200.0000,207.5000,210.3300,4.4400
2026-06-19 16:30:24,217.5000,200.0000,207.5000,210.3300,4.4400
2026-06-19 17:00:23,217.5000,200.0000,207.5000,210.3300,4.4400
2026-06-19 17:30:24,217.5000,200.0000,207.5000,210.3300,4.4400
2026-06-19 18:00:21,217.5000,200.0000,207.5000,210.3300,4.4400
2026-06-19 18:30:23,217.5000,200.0000,207.5000,210.3300,4.4400
2026-06-19 19:00:25,217.5000,200.0000,207.5000,210.3300,4.4400
2026-06-19 19:30:22,217.5000,200.0000,207.5000,210.3300,4.4400
2026-06-19 20:00:25,217.5000,200.0000,207.5000,210.3300,4.4400
2026-06-22 07:01:30,217.5000,200.0000,207.5000,210.3300,4.4400
2026-06-22 11:12:25,217.5000,200.0000,207.5000,209.4500,4.4400
2026-06-22 13:00:11,217.5000,200.0000,207.5000,210.8000,4.4300
2026-06-22 13:30:23,217.5000,200.0000,207.5000,211.0800,4.4600
2026-06-22 14:00:22,217.5000,200.0000,207.5000,212.3200,5.6900
2026-06-22 14:30:19,217.5000,200.0000,207.5000,212.8900,5.3400
2026-06-22 15:00:19,210.0000,200.0000,207.5000,209.2600,5.4100
2026-06-22 15:30:23,210.0000,200.0000,207.5000,209.7800,5.2800
2026-06-22 16:00:23,217.5000,200.0000,207.5000,210.6200,5.2400
2026-06-22 16:30:25,210.0000,200.0000,207.5000,209.6800,5.2700
2026-06-22 17:00:32,210.0000,200.0000,207.5000,209.4000,5.3000
2026-06-22 17:30:32,210.0000,200.0000,207.5000,208.9800,5.2300
2026-06-22 18:00:29,210.0000,200.0000,207.5000,208.5700,5.1800
2026-06-22 18:30:28,210.0000,200.0000,207.5000,209.0200,5.0800
2026-06-22 19:00:28,210.0000,200.0000,207.5000,208.8800,5.1100
2026-06-22 19:30:31,210.0000,200.0000,207.5000,208.7300,5.1000
2026-06-23 10:50:00,210.0000,200.0000,207.5000,202.5700,5.0300
2026-06-23 13:00:12,210.0000,200.0000,207.5000,203.0200,5.0300
2026-06-23 13:30:24,210.0000,200.0000,207.5000,203.0000,5.0400
2026-06-23 14:00:24,210.0000,195.0000,207.5000,201.8400,5.6900
2026-06-23 14:30:22,210.0000,195.0000,207.5000,203.2600,5.4100
2026-06-23 14:52:55,210.0000,195.0000,207.5000,203.2400,5.2700
2026-06-23 15:00:27,210.0000,195.0000,207.5000,203.0300,5.3200
2026-06-23 15:30:25,210.0000,195.0000,207.5000,201.0000,5.4300
2026-06-23 16:00:26,210.0000,195.0000,207.5000,201.3200,5.2900
2026-06-23 16:18:25,210.0000,195.0000,207.5000,202.2500,5.2700
2026-06-23 16:25:47,210.0000,195.0000,207.5000,202.5300,5.2300
2026-06-23 16:30:32,210.0000,195.0000,207.5000,202.8400,5.1900
2026-06-23 17:00:25,210.0000,195.0000,207.5000,202.3700,5.2400
2026-06-23 17:30:25,210.0000,195.0000,207.5000,202.2900,5.2000
2026-06-23 18:00:31,210.0000,195.0000,207.5000,202.1700,5.2100
2026-06-23 18:12:14,210.0000,195.0000,207.5000,201.6700,5.3200
2026-06-23 18:30:31,210.0000,195.0000,207.5000,201.7100,5.3200
2026-06-23 19:00:27,210.0000,195.0000,207.5000,200.8000,5.5700
2026-06-23 19:16:27,210.0000,195.0000,207.5000,200.6300,5.5700
2026-06-23 19:30:27,210.0000,195.0000,207.5000,200.9000,5.5400
2026-06-23 20:00:30,210.0000,195.0000,207.5000,200.7200,5.4900
2026-06-24 08:13:35,210.0000,195.0000,207.5000,200.8900,5.5900
2026-06-24 13:00:10,210.0000,195.0000,207.5000,201.1500,5.6000
2026-06-24 13:30:25,210.0000,195.0000,207.5000,199.6400,5.7500
2026-06-24 14:00:23,210.0000,195.0000,207.5000,200.6100,5.9200
2026-06-24 14:30:18,210.0000,195.0000,207.5000,199.3400,5.7600
2026-06-24 14:34:55,210.0000,195.0000,207.5000,199.1300,5.7000
2026-06-24 15:00:25,210.0000,195.0000,207.5000,200.5200,5.5800
2026-06-24 15:30:22,210.0000,195.0000,207.5000,200.9700,5.2900
2026-06-24 16:00:23,210.0000,195.0000,207.5000,200.7400,5.2600
2026-06-24 16:30:22,210.0000,195.0000,207.5000,200.8800,5.1700
2026-06-24 17:00:26,210.0000,195.0000,207.5000,199.6000,5.4200
2026-06-24 17:30:24,210.0000,195.0000,207.5000,198.9300,5.6100
2026-06-24 18:00:20,210.0000,195.0000,207.5000,197.7900,5.6600
2026-06-24 18:30:23,210.0000,195.0000,207.5000,197.4200,5.6500
2026-06-24 19:00:29,210.0000,195.0000,207.5000,197.7700,5.5900
2026-06-24 19:30:32,210.0000,195.0000,207.5000,196.8400,5.9100
2026-06-24 20:00:28,210.0000,195.0000,207.5000,197.1700,5.9300
2026-06-25 06:51:47,210.0000,195.0000,207.5000,200.6600,5.8100
2026-06-25 08:30:43,210.0000,195.0000,207.5000,200.6600,5.8100
2026-06-25 12:55:50,207.5000,195.0000,200.0000,201.3500,5.8500
2026-06-25 13:00:22,207.5000,195.0000,200.0000,201.4100,5.8500
2026-06-25 13:30:21,207.5000,195.0000,200.0000,201.5000,5.9300
2026-06-25 14:00:22,207.5000,195.0000,200.0000,196.2100,6.3800
2026-06-25 14:30:23,207.5000,190.0000,200.0000,194.5600,6.4600
2026-06-25 15:00:22,207.5000,190.0000,200.0000,194.5000,6.3500
2026-06-25 15:30:21,207.5000,195.0000,200.0000,195.4600,6.0400
2026-06-25 16:00:23,207.5000,195.0000,200.0000,195.7500,5.7500
2026-06-25 16:30:26,207.5000,195.0000,200.0000,196.8400,5.7300
2026-06-25 17:00:25,207.5000,195.0000,200.0000,195.0000,5.6100
2026-06-25 17:30:24,207.5000,195.0000,200.0000,195.3400,5.3600
2026-06-25 18:00:26,207.5000,195.0000,200.0000,195.0800,5.3400
2026-06-25 18:30:25,207.5000,190.0000,200.0000,194.1900,5.2400
2026-06-25 19:00:28,207.5000,195.0000,200.0000,195.1600,5.4700
2026-06-25 19:30:31,207.5000,190.0000,200.0000,194.1900,5.5200
2026-06-25 20:00:27,207.5000,190.0000,202.5000,194.6700,5.0800
2026-06-26 07:27:45,207.5000,190.0000,202.5000,194.7700,5.2700
2026-06-26 07:47:30,207.5000,190.0000,202.5000,194.7700,5.2700
2026-06-26 13:00:12,200.0000,190.0000,197.5000,192.8600,5.6700
2026-06-26 13:30:23,200.0000,190.0000,197.5000,192.5000,5.3100
2026-06-26 14:00:20,197.5000,190.0000,197.5000,192.9900,8.4500
2026-06-26 14:17:38,200.0000,192.5000,197.5000,193.7600,7.8700
2026-06-26 14:30:31,197.5000,192.5000,197.5000,193.7800,7.1800
2026-06-26 15:00:27,197.5000,192.5000,197.5000,193.1100,6.3500
2026-06-26 15:30:25,200.0000,192.5000,197.5000,192.7000,7.0400
2026-06-26 16:00:23,197.5000,195.0000,197.5000,195.1800,7.5100
2026-06-26 16:30:21,197.5000,192.5000,197.5000,193.8800,8.1300
2026-06-26 17:00:27,197.5000,192.5000,197.5000,194.4700,7.3100
2026-06-26 17:30:28,197.5000,192.5000,197.5000,194.6600,6.8000
2026-06-26 18:00:25,197.5000,192.5000,197.5000,194.9800,6.4200
2026-06-26 18:30:24,197.5000,192.5000,197.5000,194.7000,7.5000
2026-06-26 19:00:23,197.5000,192.5000,197.5000,194.0800,8.4200
2026-06-26 19:30:21,197.5000,192.5000,197.5000,194.4200,8.3000
2026-06-26 20:00:25,197.5000,192.5000,197.5000,194.6700,12.5400
2026-06-29 08:54:07,202.5000,185.0000,200.0000,192.7100,4.4700
2026-06-29 09:08:58,202.5000,185.0000,200.0000,192.7100,4.4700
2026-06-29 09:12:06,202.5000,185.0000,200.0000,192.7100,4.4700
2026-06-29 12:14:50,202.5000,185.0000,197.5000,194.5800,4.4700
2026-06-29 13:00:11,202.5000,185.0000,197.5000,194.0000,4.4600
2026-06-29 13:30:21,202.5000,185.0000,197.5000,194.6500,4.5000
2026-06-29 14:00:18,202.5000,185.0000,197.5000,195.1600,5.2600
2026-06-29 14:30:22,202.5000,185.0000,197.5000,191.1900,5.5000
2026-06-29 15:00:24,202.5000,185.0000,197.5000,194.2800,5.3200
2026-06-29 15:06:15,202.5000,185.0000,197.5000,194.2600,5.3800
2026-06-29 16:04:04,202.5000,185.0000,197.5000,193.9300,5.0200
2026-06-29 16:30:28,202.5000,185.0000,197.5000,193.6200,4.9700
2026-06-29 17:00:28,202.5000,185.0000,197.5000,193.0300,4.9000
2026-06-29 17:30:32,202.5000,185.0000,197.5000,194.6500,5.0400
2026-06-29 17:51:03,202.5000,185.0000,197.5000,194.3100,4.9800
2026-06-29 18:00:27,202.5000,185.0000,197.5000,194.4100,5.0200
2026-06-29 18:30:32,202.5000,185.0000,197.5000,193.8200,4.8900
2026-06-29 19:00:30,202.5000,185.0000,197.5000,194.0800,4.9200
2026-06-29 19:30:23,202.5000,185.0000,197.5000,194.2900,4.9200
2026-06-29 20:00:26,202.5000,185.0000,197.5000,194.7800,4.7700
2026-06-30 08:29:30,202.5000,185.0000,197.5000,195.1400,4.8200
2026-06-30 13:00:13,202.5000,185.0000,197.5000,196.6500,4.9200
2026-06-30 13:30:30,202.5000,185.0000,197.5000,195.9300,4.9000
2026-06-30 13:47:07,202.5000,185.0000,197.5000,195.2500,5.4200
2026-06-30 14:01:11,202.5000,185.0000,197.5000,197.2200,5.4000
2026-06-30 14:30:25,202.5000,185.0000,197.5000,197.1800,5.3600
2026-06-30 14:35:49,202.5000,185.0000,197.5000,197.9500,5.2900
2026-06-30 14:38:58,202.5000,185.0000,197.5000,197.9800,5.2600
2026-06-30 15:00:24,202.5000,185.0000,197.5000,197.8500,5.2600
2026-06-30 15:30:24,202.5000,185.0000,197.5000,198.3800,5.1400
2026-06-30 16:00:25,202.5000,185.0000,197.5000,198.1900,4.9700
2026-06-30 16:30:25,202.5000,185.0000,197.5000,198.2800,5.0400
2026-06-30 17:00:21,202.5000,185.0000,197.5000,197.8900,4.9800
2026-06-30 17:30:20,202.5000,185.0000,197.5000,198.2800,5.0000
2026-06-30 18:00:25,202.5000,185.0000,197.5000,198.6000,5.0000
2026-06-30 18:30:26,202.5000,185.0000,197.5000,198.6300,4.8100
2026-06-30 19:00:26,202.5000,185.0000,197.5000,198.5100,4.9000
2026-06-30 19:30:30,202.5000,185.0000,197.5000,198.7900,4.8600
2026-06-30 20:00:27,202.5000,185.0000,197.5000,199.0700,4.8900
2026-06-30 20:23:15,202.5000,185.0000,197.5000,200.1100,5.0200
2026-07-01 05:02:04,202.5000,185.0000,197.5000,199.5200,4.9000
2026-07-01 11:36:41,200.0000,185.0000,195.0000,198.9900,4.9100
2026-07-01 12:34:52,200.0000,185.0000,195.0000,199.0000,4.9100
2026-07-01 13:00:27,200.0000,185.0000,195.0000,196.8000,4.6800
2026-07-01 13:10:11,202.5000,185.0000,195.0000,196.0000,4.6300
2026-07-01 13:30:24,202.5000,185.0000,195.0000,195.2900,4.6200
2026-07-01 13:51:27,200.0000,185.0000,195.0000,193.6200,6.3000
2026-07-01 13:59:42,200.0000,185.0000,195.0000,194.5600,5.9900
2026-07-01 14:01:27,200.0000,185.0000,195.0000,194.5600,5.9900
2026-07-01 14:30:29,200.0000,185.0000,195.0000,196.3900,5.3500
2026-07-01 15:00:26,200.0000,185.0000,195.0000,195.4800,5.3400
2026-07-01 15:30:24,200.0000,185.0000,195.0000,196.1600,4.9900
2026-07-01 16:00:23,200.0000,185.0000,195.0000,197.0100,5.0300
2026-07-01 16:30:20,200.0000,185.0000,195.0000,196.7800,5.0100
2026-07-01 16:59:27,200.0000,185.0000,195.0000,197.0600,4.9600
2026-07-01 17:00:41,200.0000,185.0000,195.0000,197.0400,4.9800
2026-07-01 17:30:32,200.0000,185.0000,195.0000,197.7500,5.0500
2026-07-01 17:35:07,200.0000,185.0000,195.0000,197.9400,4.6200
2026-07-01 18:00:33,200.0000,185.0000,195.0000,198.7000,5.0000
2026-07-01 18:50:49,200.0000,185.0000,195.0000,198.4800,4.8600
2026-07-01 19:00:29,200.0000,185.0000,195.0000,198.2600,4.8800
2026-07-01 19:30:23,200.0000,185.0000,195.0000,199.3500,4.7200
2026-07-01 20:00:21,200.0000,185.0000,195.0000,198.3100,4.8800
2026-07-02 04:03:26,200.0000,185.0000,195.0000,197.1000,5.3500
2026-07-02 08:55:22,200.0000,185.0000,195.0000,197.1000,5.3500
2026-07-02 08:56:55,200.0000,185.0000,195.0000,197.1000,5.3500
2026-07-02 12:15:14,200.0000,192.5000,197.5000,196.9700,5.3200
2026-07-02 12:26:56,200.0000,192.5000,197.5000,196.9700,5.3200
2026-07-02 13:00:12,200.0000,192.5000,197.5000,198.3800,5.0000
2026-07-02 13:30:23,200.0000,192.5000,197.5000,197.4500,5.3500
2026-07-02 14:00:24,200.0000,195.0000,197.5000,197.8500,5.6800
2026-07-02 14:07:42,200.0000,195.0000,197.5000,198.4000,6.4500
2026-07-02 14:11:24,200.0000,195.0000,197.5000,198.2400,7.4900
2026-07-02 14:30:32,200.0000,195.0000,197.5000,199.3100,6.6700
2026-07-02 15:00:29,200.0000,195.0000,197.5000,196.3000,5.9900
2026-07-02 15:30:27,200.0000,192.5000,197.5000,195.1400,6.3900
2026-07-02 16:00:29,200.0000,195.0000,197.5000,195.0500,5.4200
2026-07-02 16:30:32,200.0000,192.5000,197.5000,194.5200,7.8100
2026-07-02 17:00:34,200.0000,192.5000,197.5000,194.1200,8.0200
2026-07-02 17:30:32,200.0000,192.5000,197.5000,193.0000,10.5200
2026-07-02 18:00:27,197.5000,192.5000,197.5000,192.9900,7.4200
2026-07-02 18:30:25,197.5000,192.5000,197.5000,193.3500,7.3400
2026-07-02 19:00:24,197.5000,192.5000,197.5000,193.4100,12.9100
2026-07-02 19:30:28,200.0000,192.5000,197.5000,192.8600,10.1900
2026-07-02 20:00:29,200.0000,192.5000,197.5000,193.6600,12.5700
2026-07-03 13:00:10,200.0000,180.0000,195.0000,194.4400,4.6100
2026-07-03 13:30:19,200.0000,180.0000,195.0000,194.4400,4.6100
2026-07-03 14:00:18,200.0000,180.0000,195.0000,194.4400,4.6100
2026-07-03 14:30:19,200.0000,180.0000,195.0000,194.4400,4.6100
2026-07-03 15:00:20,200.0000,180.0000,195.0000,194.4400,4.6100
2026-07-03 15:30:22,200.0000,180.0000,195.0000,194.4400,4.6100
2026-07-03 16:00:21,200.0000,180.0000,195.0000,194.4400,4.6100
2026-07-03 16:30:17,200.0000,180.0000,195.0000,194.4400,4.6100
2026-07-03 17:00:17,200.0000,180.0000,195.0000,194.4400,4.6100
2026-07-03 17:30:21,200.0000,180.0000,195.0000,194.4400,4.6100
2026-07-03 18:00:23,200.0000,180.0000,195.0000,194.4400,4.6100
2026-07-03 18:30:21,200.0000,180.0000,195.0000,194.4400,4.6100
2026-07-03 19:00:20,200.0000,180.0000,195.0000,194.4400,4.6100
2026-07-03 19:30:18,200.0000,180.0000,195.0000,194.4400,4.6100
2026-07-03 20:00:18,200.0000,180.0000,195.0000,194.4400,4.6100
2026-07-06 04:00:11,200.0000,180.0000,195.0000,194.4400,4.6100
2026-07-06 10:47:18,200.0000,180.0000,195.0000,195.3000,4.5700
2026-07-06 12:39:30,200.0000,180.0000,195.0000,195.3300,4.5700
2026-07-06 12:43:18,200.0000,180.0000,195.0000,195.3300,4.5700
2026-07-06 12:50:13,200.0000,180.0000,195.0000,195.1600,4.5900
2026-07-06 12:57:56,200.0000,180.0000,195.0000,195.3200,4.5700
2026-07-06 13:00:22,200.0000,180.0000,195.0000,194.9800,4.5900
2026-07-06 13:30:18,200.0000,180.0000,195.0000,195.0100,4.6000
2026-07-06 13:49:32,200.0000,180.0000,195.0000,194.1600,4.9200
2026-07-06 13:53:15,200.0000,180.0000,195.0000,194.9700,4.9700
2026-07-06 14:00:19,200.0000,180.0000,195.0000,195.0200,4.9000
2026-07-06 14:30:18,200.0000,180.0000,195.0000,196.7600,4.8500
2026-07-06 14:55:43,200.0000,180.0000,195.0000,196.2400,4.8100
2026-07-06 15:00:21,200.0000,180.0000,195.0000,196.5900,4.8500
2026-07-06 16:00:09,200.0000,180.0000,195.0000,196.2400,4.7100
2026-07-06 16:30:23,200.0000,180.0000,195.0000,197.4400,4.7900
2026-07-06 17:00:28,200.0000,180.0000,195.0000,196.7000,4.6800
2026-07-06 17:30:26,200.0000,180.0000,195.0000,196.5000,4.6500
2026-07-06 17:45:01,200.0000,180.0000,195.0000,196.0200,4.6500
2026-07-06 18:00:19,200.0000,180.0000,195.0000,195.8500,4.7000
2026-07-06 18:30:21,200.0000,180.0000,195.0000,196.3100,4.6800
2026-07-06 19:00:23,200.0000,180.0000,195.0000,196.1800,4.6600
2026-07-06 19:30:28,200.0000,180.0000,195.0000,196.8600,4.7300
2026-07-06 20:00:29,200.0000,180.0000,195.0000,196.6000,4.6900
2026-07-07 12:08:18,200.0000,180.0000,195.0000,190.7700,4.6700
2026-07-07 13:00:09,200.0000,180.0000,195.0000,192.5300,4.7100
2026-07-07 13:30:18,200.0000,180.0000,195.0000,192.4200,4.7100
2026-07-07 13:53:22,200.0000,180.0000,195.0000,192.5100,4.8400
2026-07-07 14:00:18,200.0000,180.0000,195.0000,192.6300,4.8500
2026-07-07 14:30:18,200.0000,180.0000,195.0000,192.8400,4.8500
2026-07-07 15:00:24,200.0000,180.0000,195.0000,191.7600,4.8800
2026-07-07 15:30:28,200.0000,180.0000,195.0000,193.2100,4.8200
2026-07-07 16:00:22,200.0000,180.0000,195.0000,193.2400,4.8100
2026-07-07 16:30:23,200.0000,180.0000,195.0000,195.9400,4.9000
2026-07-07 17:00:25,200.0000,180.0000,195.0000,197.4000,4.9900
2026-07-07 17:30:23,200.0000,180.0000,195.0000,197.3500,4.9800
2026-07-07 17:56:01,200.0000,180.0000,200.0000,197.9900,5.0500
2026-07-07 18:00:28,200.0000,180.0000,200.0000,197.9500,5.0300
2026-07-07 18:17:06,200.0000,180.0000,200.0000,197.7500,5.0100
2026-07-07 18:30:30,200.0000,180.0000,200.0000,197.6000,4.9900
2026-07-07 19:00:22,200.0000,180.0000,195.0000,197.0900,4.9500
2026-07-07 19:30:25,200.0000,180.0000,195.0000,196.5600,5.0000
2026-07-07 20:00:30,200.0000,180.0000,195.0000,195.9300,5.0300
2026-07-08 13:00:10,200.0000,180.0000,195.0000,194.9500,4.9900
2026-07-08 13:30:27,200.0000,180.0000,195.0000,195.4200,5.0100
2026-07-08 13:49:16,200.0000,180.0000,195.0000,197.4200,5.3300
2026-07-08 14:00:25,200.0000,180.0000,200.0000,198.1200,5.1900
2026-07-08 14:30:27,200.0000,180.0000,195.0000,197.1600,5.0500
2026-07-08 15:00:23,200.0000,180.0000,195.0000,197.0600,5.0300
2026-07-08 15:30:21,200.0000,180.0000,195.0000,197.2800,5.1300
2026-07-08 16:00:19,200.0000,180.0000,195.0000,197.4300,5.0700
2026-07-08 16:30:22,200.0000,180.0000,200.0000,198.6400,5.1200
2026-07-08 17:00:26,200.0000,180.0000,200.0000,199.7500,5.2300
2026-07-08 17:30:23,220.0000,180.0000,200.0000,200.7800,5.2900
2026-07-08 18:00:25,220.0000,180.0000,200.0000,202.6700,5.4400
2026-07-08 18:01:19,220.0000,180.0000,200.0000,202.4400,5.4300
2026-07-08 18:30:26,220.0000,180.0000,200.0000,202.6400,5.4200
2026-07-08 19:00:30,220.0000,180.0000,200.0000,203.0800,5.5500
2026-07-08 19:05:45,220.0000,180.0000,200.0000,203.1300,5.5400
2026-07-08 19:30:29,220.0000,180.0000,200.0000,204.3300,5.5200
2026-07-08 20:00:27,220.0000,180.0000,200.0000,204.4000,5.4400
2026-07-09 08:43:51,220.0000,180.0000,200.0000,203.6200,5.4100
2026-07-09 08:58:13,220.0000,180.0000,200.0000,203.6200,5.4100
2026-07-09 13:00:10,220.0000,180.0000,200.0000,205.8000,5.3900
2026-07-09 13:30:25,220.0000,180.0000,200.0000,205.2600,5.4100
2026-07-09 14:00:24,220.0000,180.0000,200.0000,201.9200,5.3400
2026-07-09 14:30:19,210.0000,180.0000,200.0000,200.0900,5.1900
2026-07-09 15:00:22,210.0000,180.0000,200.0000,200.7000,5.1500
2026-07-09 15:30:26,210.0000,180.0000,200.0000,201.6000,5.0100
2026-07-09 16:00:25,210.0000,180.0000,200.0000,201.4700,4.9500
2026-07-09 16:30:22,210.0000,180.0000,200.0000,201.9700,4.9400
2026-07-09 17:00:19,210.0000,180.0000,200.0000,201.8800,4.8400
2026-07-09 17:30:21,210.0000,180.0000,200.0000,203.1900,4.9100
2026-07-09 17:32:20,210.0000,180.0000,200.0000,203.0300,4.9200
2026-07-09 18:00:21,210.0000,180.0000,200.0000,203.2200,4.9600
2026-07-09 18:30:25,210.0000,180.0000,200.0000,203.2600,4.8900
2026-07-09 19:00:26,220.0000,180.0000,200.0000,204.0300,4.9500
2026-07-09 19:30:20,210.0000,180.0000,200.0000,203.4000,4.9000
2026-07-09 20:00:23,210.0000,180.0000,200.0000,203.9800,4.9000
2026-07-10 11:05:42,210.0000,180.0000,200.0000,201.9200,4.8900
2026-07-10 11:37:06,210.0000,180.0000,200.0000,202.0200,4.8900
2026-07-10 11:45:59,210.0000,180.0000,200.0000,201.9800,4.8900
2026-07-10 13:00:12,210.0000,180.0000,200.0000,201.4900,4.8800
2026-07-10 13:30:23,210.0000,180.0000,200.0000,201.6200,4.8800
2026-07-10 14:00:21,210.0000,180.0000,200.0000,204.8300,5.1200
2026-07-10 14:30:20,220.0000,180.0000,200.0000,208.1000,5.1600
2026-07-10 15:00:21,210.0000,180.0000,200.0000,206.7100,5.0300
2026-07-10 15:30:20,210.0000,180.0000,200.0000,207.2100,4.9500
2026-07-10 16:00:19,220.0000,180.0000,200.0000,207.9100,5.0200
2026-07-10 16:16:44,220.0000,180.0000,200.0000,209.1300,5.0500
2026-07-10 16:30:28,220.0000,180.0000,200.0000,209.0500,5.0200
2026-07-10 17:00:26,220.0000,180.0000,200.0000,209.7400,5.0600
2026-07-10 17:30:22,220.0000,180.0000,200.0000,209.7300,4.9800
2026-07-10 18:00:23,220.0000,180.0000,200.0000,210.5300,4.9600
2026-07-10 18:30:21,220.0000,180.0000,200.0000,210.0700,4.9600
2026-07-10 19:00:26,220.0000,180.0000,200.0000,209.9800,4.9500
2026-07-10 19:30:32,220.0000,180.0000,200.0000,210.2500,4.9400
2026-07-10 19:51:12,220.0000,180.0000,200.0000,209.8200,4.8700
2026-07-10 20:00:33,220.0000,180.0000,200.0000,209.8100,4.8300
2026-07-16 13:35:07,215.0000,197.5000,207.5000,209.8200,5.9000
2026-07-16 14:00:19,210.0000,197.5000,207.5000,207.6800,6.4100
2026-07-16 14:30:22,210.0000,197.5000,207.5000,208.3000,6.3000
2026-07-16 15:00:22,210.0000,197.5000,207.5000,207.7100,6.2800
2026-07-16 15:30:19,210.0000,197.5000,207.5000,205.9800,6.2500
2026-07-16 16:00:27,210.0000,197.5000,207.5000,207.3200,6.0300
2026-07-16 16:30:31,210.0000,197.5000,207.5000,206.7600,6.0000
2026-07-16 17:00:27,210.0000,197.5000,207.5000,207.2900,6.1700
2026-07-16 17:30:25,210.0000,197.5000,207.5000,207.1900,5.9100
2026-07-16 18:00:24,210.0000,197.5000,207.5000,206.1400,6.0600
2026-07-16 18:30:29,210.0000,197.5000,207.5000,207.1100,6.1800
2026-07-16 19:00:32,210.0000,197.5000,207.5000,206.9300,6.3700
2026-07-16 19:30:29,210.0000,197.5000,207.5000,206.7800,6.2600
2026-07-16 20:00:31,210.0000,197.5000,207.5000,206.0300,6.3000
2026-07-17 13:00:13,210.0000,197.5000,200.0000,202.2500,6.5100
2026-07-17 13:30:28,210.0000,197.5000,200.0000,201.8600,6.4900
2026-07-17 14:00:23,200.0000,197.5000,200.0000,198.1900,10.7700
2026-07-17 14:30:25,210.0000,197.5000,207.5000,204.1400,9.5000
2026-07-17 15:00:30,210.0000,197.5000,200.0000,203.1400,9.5800
2026-07-17 15:30:28,210.0000,197.5000,200.0000,203.2700,9.3600
2026-07-17 16:00:32,210.0000,197.5000,207.5000,204.3000,8.2600
2026-07-17 16:30:31,210.0000,197.5000,207.5000,204.9600,10.0700
2026-07-17 17:00:30,210.0000,205.0000,207.5000,205.0900,9.3600
2026-07-17 17:30:31,210.0000,205.0000,207.5000,206.2300,7.8200
2026-07-17 18:00:28,210.0000,205.0000,207.5000,205.2900,11.3600
2026-07-17 18:30:27,210.0000,197.5000,200.0000,203.6800,9.6500
2026-07-17 19:00:23,210.0000,197.5000,200.0000,203.0300,8.3400
2026-07-17 19:30:25,210.0000,197.5000,200.0000,202.2300,8.2200
2026-07-17 20:00:30,210.0000,202.5000,200.0000,203.2100,13.6600
2026-07-20 07:08:57,215.0000,195.0000,205.0000,202.5500,5.5300
2026-07-20 13:00:15,210.0000,195.0000,202.5000,205.8800,5.4700
2026-07-20 13:30:31,210.0000,195.0000,202.5000,205.2000,5.4500
2026-07-20 14:00:28,210.0000,195.0000,202.5000,206.9600,5.9700
2026-07-20 14:30:29,210.0000,195.0000,202.5000,205.7800,5.8900
2026-07-20 15:00:29,210.0000,195.0000,202.5000,205.5300,5.8300
2026-07-20 15:30:27,210.0000,195.0000,202.5000,205.6800,5.7800
2026-07-20 16:00:32,210.0000,195.0000,202.5000,206.0500,5.6500
2026-07-20 16:30:32,210.0000,195.0000,202.5000,205.9000,5.4300
2026-07-20 17:00:31,210.0000,195.0000,202.5000,204.4200,5.5600
2026-07-20 17:30:29,210.0000,195.0000,202.5000,203.1100,5.5700
2026-07-20 18:00:23,210.0000,195.0000,202.5000,203.9400,5.5600
2026-07-20 18:30:22,210.0000,195.0000,202.5000,204.8300,5.4200
2026-07-20 19:00:24,210.0000,195.0000,202.5000,203.7900,5.5100
2026-07-20 19:30:21,210.0000,195.0000,202.5000,202.5200,5.4700
2026-07-20 20:00:24,210.0000,195.0000,202.5000,203.1000,5.4600
2026-07-21 12:22:15,210.0000,195.0000,205.0000,205.9500,5.4600
2026-07-21 13:00:11,210.0000,195.0000,205.0000,205.6900,5.4500
2026-07-21 13:30:28,210.0000,195.0000,205.0000,205.9900,5.4500
2026-07-21 14:00:31,210.0000,200.0000,205.0000,206.9800,5.7900
2026-07-21 14:30:27,210.0000,200.0000,205.0000,204.5100,5.7700
2026-07-21 15:00:21,210.0000,200.0000,205.0000,205.4000,5.4600
2026-07-21 15:30:19,210.0000,200.0000,205.0000,206.2100,5.4600
2026-07-21 16:00:21,210.0000,200.0000,205.0000,206.4700,5.3800
2026-07-21 16:30:21,210.0000,200.0000,205.0000,205.9600,5.3800
2026-07-21 17:00:23,210.0000,200.0000,205.0000,205.3100,5.4300
2026-07-21 17:30:22,210.0000,200.0000,205.0000,206.0900,5.6000
2026-07-21 18:00:22,210.0000,200.0000,205.0000,206.7800,5.3900
2026-07-21 18:30:27,210.0000,200.0000,205.0000,206.3100,5.3500
2026-07-21 19:00:28,210.0000,200.0000,205.0000,207.0000,5.4800
2026-07-21 19:30:28,210.0000,200.0000,205.0000,206.7400,5.3500
2026-07-21 20:00:33,210.0000,200.0000,205.0000,207.0000,5.2700
2026-07-22 13:00:09,210.0000,200.0000,205.0000,205.3100,5.1700
2026-07-22 13:30:21,210.0000,200.0000,205.0000,205.3400,5.1800
2026-07-22 13:47:13,210.0000,200.0000,205.0000,205.8800,5.8500
2026-07-22 14:00:26,210.0000,200.0000,202.5000,207.2200,5.5600
2026-07-22 14:30:20,210.0000,200.0000,202.5000,207.0600,5.5500
2026-07-22 15:00:18,210.0000,200.0000,205.0000,207.2800,5.6100
2026-07-22 15:30:19,215.0000,200.0000,205.0000,212.5300,6.3400
2026-07-22 16:00:20,215.0000,200.0000,202.5000,212.0000,5.9000
2026-07-22 16:30:23,215.0000,200.0000,202.5000,213.3600,6.0400
2026-07-22 17:00:27,215.0000,200.0000,205.0000,213.6600,5.9600
2026-07-22 17:30:31,215.0000,200.0000,205.0000,213.5900,5.9100
2026-07-22 18:00:28,215.0000,200.0000,202.5000,213.8700,6.1300
2026-07-22 18:30:22,215.0000,200.0000,202.5000,213.6000,6.1300
2026-07-22 19:00:22,215.0000,200.0000,202.5000,213.6900,6.1200
2026-07-22 19:30:28,215.0000,200.0000,202.5000,213.3800,6.1100
2026-07-22 20:00:25,215.0000,200.0000,202.5000,212.5000,6.1300
2026-07-23 08:24:37,215.0000,200.0000,202.5000,212.0200,5.9400
2026-07-23 13:00:10,210.0000,205.0000,207.5000,209.3000,5.9700
2026-07-23 13:30:22,210.0000,205.0000,207.5000,208.7600,5.9700
2026-07-23 14:00:22,210.0000,205.0000,207.5000,209.7200,6.4300
2026-07-23 14:30:21,210.0000,205.0000,207.5000,209.0600,6.0000
2026-07-23 15:00:21,210.0000,205.0000,207.5000,208.0700,5.8400
2026-07-23 15:30:23,210.0000,205.0000,207.5000,206.6100,6.0600
2026-07-23 16:00:28,210.0000,205.0000,207.5000,207.2500,6.1100
2026-07-23 17:00:12,212.5000,205.0000,207.5000,210.0300,6.1300
2026-07-23 17:30:19,210.0000,205.0000,207.5000,209.8600,6.0400
2026-07-23 18:00:20,210.0000,205.0000,207.5000,209.4400,5.9100
2026-07-23 18:30:23,210.0000,205.0000,207.5000,208.6400,5.7400
2026-07-23 19:00:23,210.0000,205.0000,207.5000,207.6200,5.9200
2026-07-23 19:30:27,210.0000,205.0000,207.5000,207.4600,6.0300
2026-07-23 20:00:20,210.0000,205.0000,207.5000,206.9500,5.8200
2026-07-24 07:30:27,210.0000,205.0000,207.5000,207.9900,5.0200
2026-07-24 13:00:12,210.0000,205.0000,207.5000,208.3000,5.0300
2026-07-24 13:30:21,210.0000,205.0000,207.5000,207.9500,5.2000
2026-07-24 14:00:19,210.0000,205.0000,207.5000,207.7000,9.3300
2026-07-24 14:30:26,210.0000,205.0000,207.5000,208.2200,8.7900
2026-07-24 15:00:33,210.0000,205.0000,207.5000,207.5100,8.7400
2026-07-24 15:30:31,210.0000,205.0000,207.5000,209.4700,8.0600
2026-07-24 16:00:27,210.0000,205.0000,207.5000,209.3400,6.8800
2026-07-24 16:30:21,212.5000,205.0000,207.5000,211.0000,6.5100
2026-07-24 17:00:23,212.5000,205.0000,207.5000,210.1600,7.9600
2026-07-24 17:30:28,210.0000,205.0000,207.5000,209.8000,7.8900
2026-07-24 17:59:28,210.0000,205.0000,207.5000,209.9600,8.2700
2026-07-24 18:00:43,210.0000,205.0000,207.5000,209.8500,8.1600
2026-07-24 18:30:26,210.0000,205.0000,207.5000,209.3200,10.1100
2026-07-24 19:00:27,207.5000,205.0000,207.5000,206.4000,9.9000
2026-07-24 19:30:30,207.5000,205.0000,207.5000,205.0800,12.3200
2026-07-24 20:00:32,207.5000,205.0000,207.5000,205.7300,15.1400
2026-07-27 07:49:46,210.0000,170.0000,205.0000,206.8000,5.3600
2026-07-27 09:33:31,210.0000,170.0000,205.0000,206.8000,5.3600
2026-07-27 13:00:11,215.0000,195.0000,207.5000,208.1100,5.2700
2026-07-27 13:30:20,215.0000,195.0000,207.5000,208.3100,5.2500
2026-07-27 14:00:19,215.0000,195.0000,200.0000,202.2900,6.4300
2026-07-27 14:30:26,212.5000,195.0000,200.0000,201.1200,6.2800
2026-07-27 15:00:27,212.5000,195.0000,200.0000,198.0400,6.5700
2026-07-27 15:30:20,212.5000,195.0000,200.0000,198.0900,6.5100
2026-07-27 16:00:18,212.5000,195.0000,200.0000,196.8700,6.6400
2026-07-27 16:30:25,212.5000,195.0000,200.0000,197.6700,6.5400
2026-07-27 17:00:24,212.5000,195.0000,200.0000,197.2700,6.4900
2026-07-27 17:30:19,212.5000,195.0000,200.0000,196.0400,6.5400
2026-07-27 18:00:21,212.5000,195.0000,200.0000,195.9500,6.4300
2026-07-27 18:30:23,212.5000,195.0000,200.0000,196.5000,6.3600
2026-07-27 19:00:23,212.5000,195.0000,200.0000,196.7400,6.4100
2026-07-27 19:30:21,212.5000,195.0000,200.0000,197.5000,6.3700
2026-07-27 20:00:18,212.5000,195.0000,200.0000,196.9300,6.3500
2026-07-28 09:54:52,215.0000,190.0000,197.5000,194.2200,6.2500
2026-07-28 13:00:16,215.0000,195.0000,197.5000,195.7000,6.1900
2026-07-28 13:30:28,215.0000,195.0000,197.5000,196.1900,6.2000
2026-07-28 14:00:19,200.0000,190.0000,197.5000,193.8800,6.7000
2026-07-28 14:30:18,200.0000,190.0000,197.5000,193.8100,6.4300
2026-07-28 15:00:19,200.0000,195.0000,197.5000,196.0400,6.4200
2026-07-28 15:30:24,215.0000,195.0000,197.5000,196.7100,6.4100
2026-07-28 16:00:31,215.0000,195.0000,197.5000,197.8800,6.2800
2026-07-28 16:30:31,215.0000,195.0000,197.5000,197.6600,6.2000
2026-07-28 17:00:32,200.0000,195.0000,197.5000,197.7300,6.1600
2026-07-28 17:30:29,200.0000,195.0000,197.5000,197.7000,6.1400
2026-07-28 18:00:30,200.0000,195.0000,197.5000,197.3300,6.2000
2026-07-28 18:30:34,200.0000,195.0000,197.5000,196.9400,6.2500
2026-07-28 19:00:29,200.0000,195.0000,197.5000,196.8700,6.3200
2026-07-28 19:30:29,200.0000,195.0000,197.5000,197.4800,6.3100
2026-07-28 20:00:28,200.0000,195.0000,197.5000,197.0500,6.2700
2026-07-29 06:58:03,200.0000,195.0000,197.5000,197.6300,6.1700
2026-07-29 13:00:11,200.0000,190.0000,197.5000,196.5800,6.2000
2026-07-29 13:30:25,200.0000,190.0000,197.5000,196.5000,6.1800
2026-07-29 14:00:31,200.0000,190.0000,197.5000,196.1100,6.6700
2026-07-29 14:30:30,200.0000,190.0000,197.5000,191.5300,6.9000
2026-07-29 15:00:24,200.0000,190.0000,197.5000,191.1100,6.7900
2026-07-29 15:30:27,200.0000,190.0000,197.5000,192.2800,6.7800
2026-07-29 16:00:32,200.0000,190.0000,197.5000,191.7700,6.7700
2026-07-29 16:30:32,200.0000,190.0000,197.5000,191.2000,6.8700
2026-07-29 17:00:28,200.0000,190.0000,197.5000,191.4700,7.1000
2026-07-29 17:30:28,200.0000,190.0000,197.5000,192.7300,7.1300
2026-07-29 18:00:25,200.0000,190.0000,197.5000,191.9600,7.2600
2026-07-29 18:13:19,200.0000,190.0000,197.5000,192.0000,7.3100
2026-07-29 18:30:30,200.0000,190.0000,197.5000,192.9100,6.9700
2026-07-29 19:00:31,200.0000,190.0000,197.5000,195.3700,6.8100
2026-07-29 19:30:26,200.0000,190.0000,197.5000,194.8900,6.8500
2026-07-29 19:57:33,200.0000,190.0000,197.5000,191.8700,7.1400
2026-07-29 20:00:29,200.0000,190.0000,197.5000,191.5100,7.1400
2026-07-30 13:00:16,200.0000,190.0000,197.5000,193.9500,7.2500
2026-07-30 13:18:23,200.0000,190.0000,197.5000,194.5000,7.3200
2026-07-30 13:30:23,200.0000,190.0000,197.5000,194.4200,7.3200
2026-07-30 14:00:26,200.0000,190.0000,197.5000,192.4100,6.6200
2026-07-30 14:30:32,200.0000,190.0000,197.5000,195.5900,6.7200
2026-07-30 15:00:32,200.0000,190.0000,197.5000,196.1500,6.6400
2026-07-30 15:30:27,200.0000,190.0000,197.5000,194.1600,6.4800
2026-07-30 16:00:27,200.0000,190.0000,197.5000,193.4000,6.6000
2026-07-30 16:30:27,200.0000,190.0000,197.5000,194.3400,6.4100
2026-07-30 17:00:26,200.0000,190.0000,197.5000,192.8200,6.3600
2026-07-30 17:30:27,200.0000,190.0000,197.5000,193.5800,6.2800
2026-07-30 18:00:26,200.0000,190.0000,197.5000,193.4600,6.1800
2026-07-30 18:30:29,200.0000,190.0000,197.5000,193.6800,5.9300
2026-07-30 19:00:28,200.0000,190.0000,197.5000,193.2600,5.6200
2026-07-30 19:30:24,200.0000,190.0000,197.5000,194.6900,5.8700
2026-07-30 20:00:25,200.0000,190.0000,197.5000,194.7700,5.6800
2026-07-31 09:13:59,200.0000,190.0000,197.5000,198.6000,6.0700
2026-07-31 13:00:15,200.0000,190.0000,197.5000,196.8000,5.9700
2026-07-31 13:30:32,200.0000,190.0000,197.5000,197.2900,5.9900
2026-07-31 14:00:30,200.0000,190.0000,197.5000,197.7700,9.1800
2026-07-31 14:30:30,200.0000,190.0000,197.5000,195.4900,8.9900
2026-07-31 15:00:32,200.0000,190.0000,197.5000,197.8900,8.9400
2026-07-31 15:30:24,200.0000,190.0000,197.5000,197.4400,7.5900
2026-07-31 15:46:30,197.5000,192.5000,197.5000,195.6800,8.3100
2026-07-31 15:53:32,197.5000,192.5000,197.5000,196.3100,8.4300
2026-07-31 16:00:29,197.5000,192.5000,197.5000,196.2200,5.9200
2026-07-31 16:30:25,197.5000,192.5000,197.5000,196.5600,6.4000
2026-07-31 17:00:24,200.0000,192.5000,197.5000,197.6400,8.3400
2026-07-31 17:30:26,200.0000,190.0000,197.5000,198.7600,8.3300
2026-07-31 18:00:31,200.0000,190.0000,197.5000,199.3800,8.7500
2026-07-31 18:30:33,200.0000,190.0000,197.5000,199.0900,8.2900
2026-07-31 18:33:08,200.0000,190.0000,197.5000,199.1700,8.8800
2026-07-31 18:36:40,200.0000,190.0000,197.5000,199.0200,8.3900
2026-07-31 19:00:31,200.0000,190.0000,197.5000,198.7200,8.3600
2026-07-31 19:30:29,200.0000,190.0000,197.5000,198.6800,7.7400
2026-07-31 21:21:21,202.5000,190.0000,197.5000,200.8800,12.4500
2026-08-03 08:57:20,207.5000,180.0000,192.5000,198.9800,4.8600
2026-08-03 11:04:03,200.0000,180.0000,197.5000,200.0000,4.8300
2026-08-03 13:00:14,200.0000,180.0000,197.5000,198.2400,4.8400
2026-08-03 13:30:28,200.0000,180.0000,197.5000,198.7200,4.8500
2026-08-03 14:00:30,200.0000,180.0000,197.5000,198.5900,5.8400
2026-08-03 14:30:31,207.5000,180.0000,197.5000,204.0900,5.8900
2026-08-03 15:00:23,207.5000,180.0000,197.5000,205.8000,5.8700
2026-08-03 15:30:19,207.5000,180.0000,197.5000,206.8000,6.0000
2026-08-03 16:00:19,207.5000,180.0000,197.5000,206.6500,5.9100
2026-08-03 16:23:34,207.5000,180.0000,197.5000,206.9400,5.8500
2026-08-03 16:30:22,207.5000,180.0000,197.5000,206.9800,5.8400
2026-08-03 16:44:03,207.5000,180.0000,197.5000,207.0300,5.7500
2026-08-03 17:00:24,207.5000,180.0000,197.5000,207.0900,5.7100
2026-08-03 17:20:51,207.5000,180.0000,197.5000,207.0700,5.6900
2026-08-03 17:29:01,207.5000,180.0000,197.5000,207.4900,5.7700
2026-08-03 17:30:25,210.0000,180.0000,197.5000,207.5200,5.7800
2026-08-03 18:00:23,210.0000,180.0000,197.5000,207.8900,5.7500
2026-08-03 18:10:47,210.0000,180.0000,197.5000,208.0900,5.7800
2026-08-03 18:30:30,210.0000,180.0000,197.5000,208.3300,5.7900
2026-08-03 19:00:32,210.0000,180.0000,197.5000,208.0600,5.7300
2026-08-03 19:30:30,210.0000,180.0000,197.5000,207.7400,5.6700
2026-08-03 20:00:31,207.5000,180.0000,197.5000,207.3100,5.6800
2026-08-04 13:39:32,215.0000,190.0000,197.5000,210.3500,5.7000
2026-08-04 13:48:27,215.0000,190.0000,197.5000,211.9300,6.2000
2026-08-04 14:00:22,215.0000,190.0000,197.5000,211.1000,5.9800
2026-08-04 14:30:20,215.0000,190.0000,197.5000,210.1100,6.0100
2026-08-04 15:00:22,210.0000,190.0000,197.5000,209.9900,5.8400
2026-08-04 15:30:26,210.0000,190.0000,197.5000,209.8400,5.8400
2026-08-04 15:40:23,215.0000,190.0000,197.5000,210.2300,5.8600
2026-08-04 16:00:22,215.0000,190.0000,197.5000,210.4900,5.8700
2026-08-04 16:30:22,215.0000,190.0000,197.5000,210.5300,5.8500
2026-08-04 17:00:19,215.0000,190.0000,197.5000,210.5500,5.7700
2026-08-04 17:30:18,215.0000,190.0000,197.5000,211.2400,5.8100
2026-08-04 18:00:21,215.0000,190.0000,197.5000,211.7500,5.8100
2026-08-04 18:30:25,215.0000,190.0000,197.5000,211.5300,5.8500
2026-08-04 19:00:25,215.0000,190.0000,197.5000,212.3200,5.9200
2026-08-04 19:26:29,215.0000,190.0000,197.5000,212.9400,5.9000
2026-08-04 19:30:26,215.0000,190.0000,197.5000,212.6600,5.9000
2026-08-04 20:00:23,215.0000,190.0000,197.5000,212.8500,5.9000
2026-08-05 08:52:09,217.5000,190.0000,197.5000,216.5200,5.8500
2026-08-05 12:44:26,215.0000,190.0000,197.5000,215.0000,5.8400
2026-08-05 13:00:22,217.5000,190.0000,197.5000,215.2300,5.8400
2026-08-05 13:30:20,217.5000,190.0000,197.5000,215.0600,5.8300
2026-08-05 14:00:20,222.5000,190.0000,197.5000,220.1200,6.9200
2026-08-05 14:30:21,222.5000,190.0000,197.5000,222.0000,6.7200
2026-08-05 14:52:59,220.0000,190.0000,197.5000,219.9000,6.5400
2026-08-05 15:00:26,220.0000,190.0000,197.5000,219.7500,6.5100
2026-08-05 15:30:24,220.0000,190.0000,197.5000,219.3400,6.3500
2026-08-05 16:00:23,220.0000,190.0000,197.5000,219.9800,6.2800
2026-08-05 16:18:20,220.0000,190.0000,197.5000,219.3100,6.1700
2026-08-05 16:30:25,220.0000,190.0000,197.5000,219.3300,6.1300
2026-08-05 17:00:27,222.5000,190.0000,197.5000,221.3700,6.1200
2026-08-05 17:30:22,222.5000,190.0000,197.5000,221.3100,6.0200
2026-08-05 18:00:23,222.5000,190.0000,197.5000,221.3400,6.0100
2026-08-05 18:30:29,222.5000,190.0000,197.5000,221.1900,6.0400
2026-08-05 18:55:25,222.5000,190.0000,197.5000,221.7700,6.2000
2026-08-05 19:00:24,222.5000,190.0000,197.5000,221.7000,6.1100
2026-08-05 19:30:29,222.5000,190.0000,197.5000,221.7600,6.1300
2026-08-05 19:41:51,222.5000,190.0000,197.5000,221.9300,6.2500
2026-08-05 19:54:12,222.5000,190.0000,197.5000,221.0400,6.3800
2026-08-05 20:00:31,222.5000,190.0000,197.5000,220.2200,6.2900
2026-08-06 10:52:19,220.0000,190.0000,197.5000,219.5000,6.1600
2026-08-06 13:00:11,225.0000,190.0000,197.5000,221.8700,6.0900
2026-08-06 13:22:51,225.0000,190.0000,197.5000,221.1400,6.1600
2026-08-06 13:30:24,225.0000,190.0000,197.5000,220.9300,6.2200
2026-08-06 14:00:18,225.0000,190.0000,197.5000,222.2500,7.1500
2026-08-06 14:30:20,225.0000,190.0000,197.5000,221.6000,6.6800
2026-08-06 15:00:21,220.0000,190.0000,197.5000,219.7800,6.6400
2026-08-06 15:30:17,220.0000,190.0000,197.5000,218.2200,6.5500
2026-08-06 16:00:18,220.0000,190.0000,197.5000,217.7300,6.3600
2026-08-06 16:30:17,220.0000,190.0000,197.5000,218.4400,6.2500
2026-08-06 17:00:17,220.0000,190.0000,197.5000,218.9400,6.1600
2026-08-06 17:30:18,220.0000,190.0000,197.5000,219.5700,6.1800
2026-08-06 18:00:18,220.0000,190.0000,197.5000,218.7400,5.9300
2026-08-06 18:30:21,220.0000,190.0000,197.5000,219.9100,5.9900
2026-08-06 19:00:27,220.0000,190.0000,197.5000,219.7700,5.9000
2026-08-06 19:30:25,220.0000,190.0000,197.5000,219.9100,6.0700
2026-08-06 20:00:20,220.0000,190.0000,197.5000,219.7900,5.7400
2026-08-07 11:02:13,230.0000,190.0000,207.5000,219.4900,5.1100
2026-08-07 13:00:11,230.0000,190.0000,207.5000,221.0700,5.1200
2026-08-07 13:30:19,230.0000,190.0000,207.5000,220.7100,5.1300
2026-08-07 14:00:17,230.0000,190.0000,207.5000,222.4900,5.0400
2026-08-07 14:30:24,230.0000,190.0000,207.5000,221.4700,4.9400
2026-08-07 15:00:24,230.0000,190.0000,207.5000,222.8700,4.9500
2026-08-07 15:30:21,230.0000,190.0000,207.5000,223.5100,4.9300
2026-08-07 16:00:29,230.0000,190.0000,207.5000,224.3900,4.9000
2026-08-07 16:30:28,230.0000,190.0000,207.5000,223.5700,4.8400
2026-08-07 17:00:24,230.0000,190.0000,207.5000,222.4400,4.8100
2026-08-07 17:30:21,230.0000,190.0000,207.5000,221.8400,4.7600
2026-08-07 18:00:21,230.0000,190.0000,207.5000,222.2800,4.7600
2026-08-07 18:30:24,230.0000,190.0000,207.5000,221.9700,4.7300
2026-08-07 19:00:24,230.0000,190.0000,207.5000,221.9700,4.7700
2026-08-07 19:30:26,230.0000,190.0000,207.5000,222.8800,4.8400
2026-08-07 20:00:27,230.0000,190.0000,207.5000,223.0800,4.8100
2026-08-10 04:00:12,230.0000,190.0000,207.5000,223.8000,4.8100
2026-08-10 05:09:07,230.0000,190.0000,207.5000,223.8000,4.8100
2026-08-10 08:09:43,230.0000,190.0000,207.5000,223.8000,4.8100
2026-08-10 10:27:19,230.0000,190.0000,207.5000,224.7100,4.8100
2026-08-10 13:00:12,230.0000,190.0000,207.5000,222.7800,4.7900
2026-08-10 13:30:24,230.0000,190.0000,207.5000,222.8200,4.8000
2026-08-10 14:00:25,230.0000,190.0000,207.5000,222.8800,5.0500
2026-08-10 14:23:30,230.0000,190.0000,207.5000,221.8000,4.8300
2026-08-10 14:30:24,230.0000,190.0000,207.5000,222.0500,4.8600
2026-08-10 15:00:24,230.0000,190.0000,207.5000,220.4800,4.8700
2026-08-10 15:12:02,230.0000,190.0000,207.5000,219.8800,4.8000
2026-08-10 15:30:33,230.0000,190.0000,207.5000,219.3500,4.8300
2026-08-10 16:00:26,230.0000,190.0000,207.5000,219.6300,4.8300
2026-08-10 16:30:25,230.0000,190.0000,207.5000,219.7300,4.8500
2026-08-10 17:00:36,230.0000,190.0000,207.5000,216.9700,5.0100
2026-08-10 17:30:28,230.0000,190.0000,207.5000,218.5800,4.9700
2026-08-10 18:00:22,230.0000,190.0000,207.5000,218.1600,4.9000
2026-08-10 18:12:42,230.0000,190.0000,207.5000,218.2500,4.9000
2026-08-10 18:30:27,230.0000,190.0000,207.5000,218.7200,4.8800
2026-08-10 19:00:23,230.0000,190.0000,207.5000,218.7500,4.8400
2026-08-10 19:30:21,230.0000,190.0000,207.5000,219.3400,4.9400
2026-08-10 19:33:37,230.0000,190.0000,207.5000,219.0900,4.9200
2026-08-10 20:00:25,230.0000,190.0000,207.5000,218.8300,4.9600
2026-08-11 05:18:09,230.0000,190.0000,207.5000,217.9900,4.9400
2026-08-11 13:00:13,230.0000,190.0000,215.0000,220.9500,4.9800
2026-08-11 13:30:31,230.0000,190.0000,215.0000,221.2400,4.9600
2026-08-11 14:00:35,230.0000,205.0000,215.0000,220.3300,4.9400
2026-08-11 14:30:33,230.0000,205.0000,215.0000,220.0900,4.8300
2026-08-11 15:00:32,230.0000,205.0000,215.0000,218.9500,4.7800
2026-08-11 15:30:29,230.0000,205.0000,215.0000,218.9300,4.6900
2026-08-11 16:00:25,230.0000,205.0000,215.0000,218.7600,4.7100
2026-08-11 16:30:22,230.0000,205.0000,215.0000,218.5000,4.6800
2026-08-11 17:00:21,230.0000,205.0000,215.0000,218.8300,4.6700
2026-08-11 17:30:22,230.0000,205.0000,215.0000,216.9600,4.6600
2026-08-11 18:00:26,230.0000,205.0000,215.0000,217.5000,4.7400
2026-08-11 18:30:29,230.0000,205.0000,215.0000,217.1000,4.6800
2026-08-11 19:00:29,220.0000,205.0000,215.0000,216.7200,4.6600
2026-08-11 19:30:27,230.0000,205.0000,215.0000,217.4700,4.6800
2026-08-11 20:00:28,230.0000,205.0000,215.0000,217.7600,4.7000
2026-08-12 05:12:21,230.0000,205.0000,215.0000,218.0400,4.7400
2026-08-12 10:19:54,230.0000,190.0000,215.0000,220.0000,4.7600
2026-08-12 13:00:10,230.0000,190.0000,215.0000,220.2700,4.7700
2026-08-12 13:30:24,230.0000,190.0000,215.0000,220.2800,4.7700
2026-08-12 14:00:30,230.0000,205.0000,215.0000,220.8100,4.7200
2026-08-12 14:30:31,230.0000,190.0000,215.0000,223.1600,4.7400
2026-08-12 15:00:30,230.0000,190.0000,215.0000,224.6400,4.8000
2026-08-12 15:11:26,230.0000,190.0000,215.0000,224.0300,4.7200
2026-08-12 15:30:34,230.0000,190.0000,215.0000,223.5300,4.7600
2026-08-12 16:00:34,230.0000,205.0000,215.0000,223.2800,4.7400
2026-08-12 16:30:33,230.0000,190.0000,215.0000,223.6900,4.7500
2026-08-12 17:00:28,230.0000,190.0000,215.0000,222.9300,4.7000
2026-08-12 17:30:25,230.0000,190.0000,215.0000,224.0300,4.8100
2026-08-12 18:00:23,230.0000,190.0000,215.0000,224.1100,4.7900
2026-08-12 18:30:23,230.0000,190.0000,215.0000,223.8700,4.7900
2026-08-12 19:00:26,230.0000,190.0000,215.0000,223.7100,4.7600
2026-08-12 19:30:27,230.0000,190.0000,215.0000,223.5100,4.7400
2026-08-12 20:00:28,230.0000,205.0000,215.0000,222.3100,4.6600
2026-08-13 07:51:52,230.0000,190.0000,215.0000,223.7700,4.7400
2026-08-13 13:00:14,230.0000,190.0000,215.0000,223.5200,4.7400
2026-08-13 13:30:24,230.0000,190.0000,215.0000,224.5800,4.7500
2026-08-13 14:00:19,230.0000,205.0000,215.0000,224.8100,4.7400
2026-08-13 14:30:22,230.0000,190.0000,215.0000,226.1000,4.7700
2026-08-13 15:00:25,230.0000,205.0000,215.0000,225.6900,4.6800
2026-08-13 15:30:24,230.0000,190.0000,215.0000,224.6700,4.5400
2026-08-13 16:00:25,230.0000,205.0000,215.0000,224.5900,4.5700
2026-08-13 16:30:28,230.0000,190.0000,215.0000,224.7900,4.5400
2026-08-13 17:00:25,230.0000,205.0000,215.0000,225.0300,4.5600
2026-08-13 17:30:20,230.0000,205.0000,215.0000,225.6400,4.5700
2026-08-13 18:00:23,230.0000,190.0000,215.0000,225.2800,4.5200
2026-08-13 18:11:13,230.0000,205.0000,215.0000,225.4400,4.5700
2026-08-13 18:30:31,230.0000,190.0000,215.0000,225.1900,4.5900
2026-08-13 19:00:30,230.0000,190.0000,215.0000,225.6200,4.6300
2026-08-13 19:30:29,230.0000,205.0000,215.0000,225.6600,4.6500
2026-08-13 20:00:30,230.0000,190.0000,215.0000,225.8600,4.6200
2026-08-14 06:54:16,230.0000,190.0000,215.0000,225.4300,4.6000
2026-08-14 13:00:10,230.0000,190.0000,215.0000,225.7800,4.6100
2026-08-14 13:30:22,230.0000,205.0000,215.0000,225.9500,4.6200
2026-08-14 14:00:21,230.0000,205.0000,215.0000,225.6900,4.5500
2026-08-14 14:30:18,230.0000,205.0000,215.0000,226.3000,4.4700
2026-08-14 15:00:23,230.0000,205.0000,215.0000,226.1600,4.3900
2026-08-14 15:30:27,230.0000,205.0000,215.0000,225.5500,4.2600
2026-08-14 16:00:22,230.0000,205.0000,215.0000,224.7900,4.2300
2026-08-14 16:30:22,230.0000,205.0000,215.0000,225.5600,4.2500
2026-08-14 17:00:27,230.0000,205.0000,215.0000,225.1500,4.2300
2026-08-14 17:30:27,230.0000,205.0000,215.0000,225.2600,4.2600
2026-08-14 18:00:22,230.0000,205.0000,215.0000,225.3700,4.2700
2026-08-14 18:30:20,230.0000,205.0000,215.0000,225.3900,4.2600
2026-08-14 19:00:23,230.0000,205.0000,215.0000,225.3500,4.2700
2026-08-14 19:30:26,230.0000,205.0000,215.0000,224.9100,4.2700
2026-08-14 20:00:23,230.0000,205.0000,215.0000,225.1300,4.2400
2026-08-17 04:00:11,230.0000,205.0000,215.0000,224.7500,4.1900
2026-08-17 05:07:26,230.0000,205.0000,215.0000,224.7500,4.1900
2026-08-17 13:15:25,230.0000,205.0000,217.5000,226.3400,4.1700
2026-08-17 15:00:10,230.0000,205.0000,217.5000,227.0000,4.7000
2026-08-17 15:30:27,230.0000,205.0000,217.5000,226.7800,4.7400
2026-08-17 16:00:27,230.0000,205.0000,217.5000,226.9100,4.7200
2026-08-17 16:30:27,230.0000,205.0000,217.5000,227.1900,4.7400
2026-08-17 17:00:26,230.0000,205.0000,217.5000,226.7700,4.6900
2026-08-17 17:30:21,230.0000,205.0000,217.5000,226.3500,4.7300
2026-08-17 18:00:26,230.0000,205.0000,217.5000,226.2200,4.8000
2026-08-17 18:30:27,230.0000,205.0000,217.5000,225.6300,4.8100
2026-08-17 19:00:25,230.0000,205.0000,217.5000,225.7300,4.8200
2026-08-17 19:30:22,230.0000,205.0000,217.5000,225.5900,4.8200
2026-08-17 20:00:23,230.0000,205.0000,217.5000,225.4700,4.7800
2026-08-18 04:59:33,230.0000,205.0000,217.5000,225.1300,4.7600
2026-08-18 07:40:18,230.0000,205.0000,217.5000,225.1300,4.7600
2026-08-18 13:00:12,227.5000,215.0000,220.0000,220.6200,4.8700
2026-08-18 13:30:27,230.0000,215.0000,220.0000,220.1500,4.7800
2026-08-18 14:00:23,227.5000,215.0000,220.0000,220.7400,5.1400
2026-08-18 14:30:24,220.0000,215.0000,220.0000,219.1400,5.0500
2026-08-18 15:00:32,220.0000,215.0000,220.0000,219.4600,4.9100
2026-08-18 15:30:28,220.0000,215.0000,220.0000,219.3800,4.8900
2026-08-18 16:00:22,227.5000,215.0000,220.0000,219.7200,4.8800
2026-08-18 16:30:22,227.5000,215.0000,220.0000,220.0800,4.9200
2026-08-18 17:00:23,227.5000,215.0000,220.0000,219.7300,4.9100
2026-08-18 17:30:20,227.5000,215.0000,220.0000,220.1400,4.9100
2026-08-18 18:00:18,227.5000,215.0000,220.0000,220.3600,4.9200
2026-08-18 18:30:18,227.5000,215.0000,220.0000,219.6300,4.9300
2026-08-18 19:00:25,227.5000,215.0000,220.0000,219.9100,4.9000
