time,open,high,low,close,volume
2026-05-28 13:00:12,140.0000,130.0000,135.0000,134.1500,3.8400
2026-05-28 13:30:27,140.0000,130.0000,135.0000,133.8000,3.8300
2026-05-28 14:00:31,140.0000,130.0000,135.0000,135.8000,4.9000
2026-05-28 14:30:30,140.0000,130.0000,135.0000,137.9400,4.9800
2026-05-28 15:00:28,140.0000,130.0000,135.0000,137.4800,4.9900
2026-05-28 15:30:29,140.0000,130.0000,135.0000,137.9200,4.8200
2026-05-28 15:34:56,140.0000,130.0000,135.0000,137.6500,4.6500
2026-05-28 15:45:44,140.0000,130.0000,135.0000,139.0300,4.9500
2026-05-28 15:48:08,140.0000,130.0000,135.0000,139.0700,4.8200
2026-05-28 16:00:25,140.0000,130.0000,135.0000,139.6900,4.8400
2026-05-28 16:30:27,140.0000,130.0000,135.0000,139.6200,4.8100
2026-05-28 16:59:11,140.0000,130.0000,135.0000,139.4100,4.5800
2026-05-28 17:00:24,140.0000,130.0000,135.0000,139.5200,4.7500
2026-05-28 17:30:28,140.0000,130.0000,135.0000,139.8100,4.7900
2026-05-28 18:00:31,145.0000,130.0000,135.0000,141.6100,5.1000
2026-05-28 18:30:27,145.0000,130.0000,135.0000,141.9900,5.1000
2026-05-28 19:00:26,145.0000,130.0000,135.0000,141.9300,5.1100
2026-05-28 19:20:57,145.0000,130.0000,135.0000,142.3400,5.2200
2026-05-28 19:30:28,145.0000,130.0000,135.0000,142.5200,5.3000
2026-05-28 20:00:30,145.0000,130.0000,135.0000,142.4200,4.8600
2026-05-29 05:44:50,145.0000,130.0000,135.0000,144.0800,5.2200
2026-05-29 08:47:44,145.0000,130.0000,135.0000,144.0800,5.2200
2026-05-29 13:00:15,150.0000,130.0000,137.0000,147.8500,5.5400
2026-05-29 13:30:32,150.0000,130.0000,137.0000,147.6800,5.5300
2026-05-29 14:00:26,155.0000,130.0000,137.0000,152.5900,10.7400
2026-05-29 14:30:24,155.0000,130.0000,137.0000,154.8700,9.6800
2026-05-29 15:00:31,160.0000,130.0000,137.0000,155.8400,11.1800
2026-05-29 15:30:29,160.0000,130.0000,137.0000,156.1300,10.2500
2026-05-29 16:00:26,160.0000,130.0000,137.0000,156.5300,9.7300
2026-05-29 16:30:29,160.0000,130.0000,137.0000,156.1900,8.7300
2026-05-29 17:00:27,160.0000,130.0000,137.0000,156.2200,9.0900
2026-05-29 17:30:23,160.0000,130.0000,137.0000,155.6800,8.8500
2026-05-29 18:00:21,160.0000,130.0000,137.0000,156.2800,9.3700
2026-05-29 18:30:21,160.0000,130.0000,137.0000,155.9200,9.8000
2026-05-29 19:00:29,160.0000,130.0000,137.0000,156.0800,9.9900
2026-05-29 19:30:30,157.5000,130.0000,137.0000,155.8200,7.1800
2026-05-29 20:00:31,157.5000,135.0000,137.0000,156.6000,9.3000
2026-06-01 04:00:10,160.0000,126.0000,138.0000,156.3800,5.2100
2026-06-01 07:35:38,160.0000,126.0000,138.0000,156.3800,5.2100
2026-06-01 13:00:09,165.0000,126.0000,150.0000,161.2500,5.7200
2026-06-01 13:30:21,165.0000,126.0000,150.0000,160.4300,5.6600
2026-06-01 14:00:21,165.0000,135.0000,150.0000,161.2100,7.0500
2026-06-01 14:27:47,160.0000,135.0000,150.0000,159.1600,6.8200
2026-06-01 14:30:27,160.0000,135.0000,150.0000,159.1500,6.8000
2026-06-01 15:00:24,160.0000,135.0000,150.0000,157.4400,6.9100
2026-06-01 15:30:24,160.0000,135.0000,150.0000,159.5100,6.8800
2026-06-01 15:41:46,160.0000,135.0000,150.0000,158.9400,6.7900
2026-06-01 16:00:22,165.0000,135.0000,150.0000,160.6200,6.8500
2026-06-01 16:30:22,165.0000,135.0000,150.0000,160.9300,6.9300
2026-06-01 17:00:23,165.0000,135.0000,150.0000,161.5400,6.8800
2026-06-01 17:28:36,165.0000,135.0000,150.0000,161.8800,6.9500
2026-06-01 17:30:23,165.0000,135.0000,150.0000,161.7800,6.9500
2026-06-01 18:00:25,165.0000,135.0000,150.0000,163.2200,7.1200
2026-06-01 18:30:29,165.0000,135.0000,150.0000,162.9400,7.0600
2026-06-01 19:00:27,165.0000,135.0000,150.0000,161.5000,6.7900
2026-06-01 19:30:30,165.0000,135.0000,150.0000,161.8000,6.8300
2026-06-01 20:00:26,165.0000,135.0000,150.0000,160.5500,6.7200
2026-06-02 10:56:07,160.0000,152.5000,155.0000,154.8600,6.4600
2026-06-02 13:00:15,160.0000,152.5000,155.0000,155.6900,6.4900
2026-06-02 13:30:28,160.0000,152.5000,155.0000,155.4300,6.4800
2026-06-02 14:00:29,160.0000,152.5000,155.0000,154.0700,6.5800
2026-06-02 14:30:33,160.0000,152.5000,155.0000,154.4300,6.3500
2026-06-02 15:00:31,160.0000,147.0000,150.0000,151.6300,6.2500
2026-06-02 15:30:25,160.0000,147.0000,150.0000,149.9600,6.2600
2026-06-02 16:00:25,160.0000,147.0000,150.0000,152.1300,6.1800
2026-06-02 16:30:27,160.0000,152.5000,155.0000,153.0400,6.2300
2026-06-02 17:00:27,160.0000,152.5000,155.0000,153.4200,6.2700
2026-06-02 17:30:30,160.0000,152.5000,155.0000,153.1000,6.1800
2026-06-02 18:00:29,160.0000,152.5000,155.0000,152.9000,6.1000
2026-06-02 18:30:25,160.0000,147.0000,150.0000,152.2700,6.0000
2026-06-02 19:00:29,160.0000,147.0000,150.0000,152.4200,6.0400
2026-06-02 19:30:33,160.0000,147.0000,150.0000,152.3700,5.8000
2026-06-02 20:00:33,160.0000,147.0000,150.0000,152.4300,5.9300
2026-06-03 04:54:46,160.0000,147.0000,150.0000,149.9900,5.8600
2026-06-03 13:00:09,160.0000,147.0000,150.0000,150.5200,5.8800
2026-06-03 13:30:22,160.0000,147.0000,150.0000,150.2500,5.8600
2026-06-03 14:00:21,160.0000,135.0000,145.0000,145.3700,6.3100
2026-06-03 14:30:20,160.0000,135.0000,145.0000,145.8400,5.8600
2026-06-03 15:00:27,160.0000,135.0000,145.0000,145.6500,5.7000
2026-06-03 15:30:25,160.0000,135.0000,145.0000,145.6800,5.6700
2026-06-03 16:00:19,160.0000,135.0000,144.0000,144.0400,5.6400
2026-06-03 16:30:22,160.0000,135.0000,144.0000,143.4500,5.5800
2026-06-03 17:00:27,160.0000,135.0000,142.0000,142.7100,5.6400
2026-06-03 17:30:29,160.0000,135.0000,142.0000,142.4800,5.6100
2026-06-03 18:00:31,160.0000,135.0000,144.0000,143.4300,5.5600
2026-06-03 18:30:34,160.0000,135.0000,142.0000,142.7700,5.5000
2026-06-03 19:00:33,160.0000,135.0000,142.0000,142.8700,5.5900
2026-06-03 19:30:33,160.0000,135.0000,142.0000,142.0300,5.5200
2026-06-03 20:00:32,142.0000,135.0000,142.0000,141.8300,5.4200
2026-06-04 10:47:23,150.0000,130.0000,143.0000,143.5100,4.8200
2026-06-04 13:00:16,150.0000,130.0000,146.0000,145.6000,4.8900
2026-06-04 13:30:33,150.0000,130.0000,146.0000,145.2400,4.8800
2026-06-04 14:00:33,150.0000,130.0000,146.0000,145.1500,4.8800
2026-06-04 14:30:29,150.0000,130.0000,143.0000,143.8000,4.8000
2026-06-04 15:00:27,150.0000,130.0000,142.0000,142.4700,4.6500
2026-06-04 15:30:25,150.0000,130.0000,142.0000,142.4000,4.5800
2026-06-04 16:00:26,150.0000,130.0000,143.0000,143.1900,4.6600
2026-06-04 16:30:29,150.0000,130.0000,143.0000,143.2500,4.5800
2026-06-04 17:00:25,150.0000,130.0000,142.0000,141.6700,4.5500
2026-06-04 17:30:25,150.0000,130.0000,142.0000,140.9400,4.5300
2026-06-04 18:00:30,150.0000,130.0000,142.0000,140.9700,4.5300
2026-06-04 18:30:32,150.0000,130.0000,142.0000,141.2400,4.5100
2026-06-04 19:00:31,150.0000,130.0000,142.0000,141.8400,4.5200
2026-06-04 19:30:27,150.0000,130.0000,142.0000,142.2600,4.5000
2026-06-04 20:00:23,150.0000,130.0000,142.0000,142.0100,4.5000
2026-06-05 09:31:14,150.0000,130.0000,141.0000,141.8000,4.4900
2026-06-05 13:00:11,150.0000,130.0000,141.0000,141.3300,4.4800
2026-06-05 13:30:25,150.0000,130.0000,141.0000,140.6900,4.4500
2026-06-05 14:00:31,150.0000,130.0000,141.0000,139.6100,4.5300
2026-06-05 14:30:32,150.0000,130.0000,141.0000,138.5100,4.4600
2026-06-05 15:00:32,150.0000,130.0000,141.0000,138.1900,4.3300
2026-06-05 15:30:27,150.0000,130.0000,141.0000,138.2900,4.3600
2026-06-05 16:00:24,150.0000,130.0000,141.0000,137.4200,4.3400
2026-06-05 16:30:26,150.0000,130.0000,141.0000,137.3000,4.3500
2026-06-05 17:00:29,150.0000,130.0000,141.0000,136.8400,4.4500
2026-06-05 17:30:28,150.0000,130.0000,141.0000,136.7900,4.4300
2026-06-05 18:00:21,150.0000,130.0000,141.0000,136.5400,4.3900
2026-06-05 18:30:25,150.0000,125.0000,141.0000,135.1600,4.3700
2026-06-05 19:00:34,150.0000,125.0000,141.0000,135.0200,4.4000
2026-06-05 19:30:33,150.0000,125.0000,141.0000,134.4700,4.4900
2026-06-05 20:00:26,150.0000,125.0000,141.0000,135.0300,4.4200
2026-06-08 07:05:28,150.0000,125.0000,141.0000,133.8900,4.3300
2026-06-08 08:48:59,150.0000,125.0000,141.0000,133.8900,4.3300
2026-06-08 13:00:10,150.0000,130.0000,137.0000,136.9000,4.3800
2026-06-08 13:30:20,150.0000,130.0000,137.0000,136.3900,4.4000
2026-06-08 14:00:20,150.0000,130.0000,137.0000,136.2300,4.5800
2026-06-08 14:30:20,150.0000,130.0000,137.0000,137.5900,4.6000
2026-06-08 14:34:27,150.0000,130.0000,137.0000,136.9600,4.6200
2026-06-08 15:00:23,150.0000,130.0000,137.0000,136.7000,4.5300
2026-06-08 15:30:28,150.0000,130.0000,137.0000,137.1600,4.5000
2026-06-08 16:00:27,150.0000,130.0000,137.0000,136.3400,4.5800
2026-06-08 16:30:22,150.0000,130.0000,137.0000,136.0000,4.5600
2026-06-08 17:00:20,150.0000,130.0000,137.0000,135.9000,4.5500
2026-06-08 17:30:21,150.0000,130.0000,137.0000,135.5400,4.5300
2026-06-08 18:00:27,150.0000,130.0000,137.0000,135.6900,4.5300
2026-06-08 18:30:28,150.0000,130.0000,137.0000,136.2400,4.4800
2026-06-08 19:00:30,150.0000,130.0000,137.0000,136.3900,4.5100
2026-06-08 19:30:28,150.0000,130.0000,137.0000,135.9700,4.5300
2026-06-08 20:00:23,150.0000,130.0000,137.0000,136.2300,4.4800
2026-06-09 09:24:26,150.0000,130.0000,136.0000,136.1000,4.4700
2026-06-09 09:44:56,150.0000,130.0000,136.0000,136.2700,4.4800
2026-06-09 12:03:09,150.0000,130.0000,136.0000,135.7700,4.4600
2026-06-09 13:00:12,150.0000,130.0000,136.0000,135.8000,4.4600
2026-06-09 13:30:22,150.0000,130.0000,136.0000,135.4000,4.4400
2026-06-09 14:00:25,150.0000,130.0000,136.0000,135.9300,4.4400
2026-06-09 14:30:30,150.0000,130.0000,136.0000,134.4700,4.4200
2026-06-09 15:00:22,150.0000,130.0000,136.0000,133.8500,4.4300
2026-06-09 15:30:21,150.0000,130.0000,136.0000,132.9700,4.4100
2026-06-09 16:00:29,150.0000,125.0000,136.0000,130.5300,4.5300
2026-06-09 16:30:34,150.0000,125.0000,136.0000,129.5100,4.6000
2026-06-09 17:00:30,150.0000,125.0000,136.0000,127.6000,4.6700
2026-06-09 17:30:28,150.0000,125.0000,136.0000,129.5900,4.6000
2026-06-09 18:00:30,150.0000,125.0000,136.0000,130.8100,4.5000
2026-06-09 18:30:28,150.0000,125.0000,136.0000,131.1500,4.6200
2026-06-09 19:00:27,150.0000,125.0000,136.0000,131.5300,4.6100
2026-06-09 19:30:27,150.0000,125.0000,136.0000,132.0000,4.5600
2026-06-09 20:00:30,150.0000,125.0000,136.0000,131.9400,4.5700
2026-06-10 06:50:51,150.0000,125.0000,136.0000,131.4800,4.6300
2026-06-10 12:17:37,150.0000,125.0000,133.0000,129.1300,4.5500
2026-06-10 13:01:11,150.0000,130.0000,133.0000,130.3800,4.5900
2026-06-10 13:30:23,150.0000,125.0000,133.0000,129.6500,4.5600
2026-06-10 14:00:20,150.0000,125.0000,133.0000,131.3200,4.6200
2026-06-10 14:03:13,150.0000,125.0000,133.0000,131.5600,4.6500
2026-06-10 14:30:41,150.0000,130.0000,133.0000,131.6200,4.5600
2026-06-10 14:39:47,150.0000,130.0000,133.0000,132.2800,4.5800
2026-06-10 15:00:22,150.0000,130.0000,133.0000,132.5500,4.5600
2026-06-10 15:06:26,150.0000,130.0000,133.0000,132.5900,4.5800
2026-06-10 15:30:27,150.0000,125.0000,133.0000,131.5100,4.6400
2026-06-10 16:00:25,150.0000,130.0000,133.0000,132.4600,4.6000
2026-06-10 16:30:25,150.0000,130.0000,133.0000,131.8600,4.6600
2026-06-10 17:00:19,150.0000,130.0000,133.0000,132.3600,4.6600
2026-06-10 17:30:19,150.0000,130.0000,133.0000,131.6300,4.6400
2026-06-10 18:00:28,150.0000,125.0000,133.0000,131.3400,4.6600
2026-06-10 18:30:28,150.0000,130.0000,133.0000,131.6200,4.5500
2026-06-10 19:00:25,150.0000,130.0000,133.0000,131.2800,4.6300
2026-06-10 19:30:26,150.0000,125.0000,133.0000,130.5300,4.6500
2026-06-10 20:00:22,150.0000,125.0000,133.0000,130.7200,4.5800
2026-06-11 09:35:36,133.0000,125.0000,133.0000,130.7200,4.5600
2026-06-11 13:00:10,133.0000,125.0000,133.0000,129.5500,4.5400
2026-06-11 13:30:24,133.0000,125.0000,133.0000,129.2500,4.5500
2026-06-11 14:00:23,133.0000,125.0000,133.0000,128.6300,4.5800
2026-06-11 14:30:21,133.0000,125.0000,133.0000,128.8500,4.4000
2026-06-11 15:00:21,133.0000,125.0000,133.0000,129.5200,4.4300
2026-06-11 15:14:13,133.0000,125.0000,133.0000,128.3500,4.4900
2026-06-11 15:30:23,133.0000,125.0000,133.0000,128.9800,4.4400
2026-06-11 15:37:24,133.0000,125.0000,133.0000,129.6100,4.4200
2026-06-11 15:40:19,133.0000,125.0000,133.0000,129.5200,4.4100
2026-06-11 16:00:28,133.0000,125.0000,133.0000,129.6600,4.4500
2026-06-11 16:31:19,133.0000,130.0000,133.0000,130.2600,4.4500
2026-06-11 16:50:12,133.0000,130.0000,133.0000,130.4900,4.4600
2026-06-11 17:00:34,133.0000,125.0000,133.0000,129.8300,4.4200
2026-06-11 17:08:38,133.0000,125.0000,133.0000,129.3900,4.4300
2026-06-11 17:26:37,133.0000,125.0000,133.0000,129.2200,4.4100
2026-06-11 17:30:30,133.0000,125.0000,133.0000,129.0300,4.4000
2026-06-11 18:00:24,133.0000,130.0000,133.0000,131.1600,4.3400
2026-06-11 18:30:24,133.0000,130.0000,133.0000,130.7100,4.3200
2026-06-11 19:00:32,133.0000,130.0000,133.0000,130.4300,4.3200
2026-06-11 19:30:30,133.0000,130.0000,133.0000,130.4700,4.2800
2026-06-11 20:00:29,133.0000,130.0000,133.0000,131.1600,4.2900
2026-06-12 12:19:22,133.0000,125.0000,132.0000,132.3500,4.3800
2026-06-12 13:00:09,133.0000,125.0000,132.0000,132.1800,4.3700
2026-06-12 13:30:20,133.0000,125.0000,132.0000,131.1300,4.3700
2026-06-12 14:00:19,133.0000,125.0000,132.0000,127.5400,4.3400
2026-06-12 14:23:37,133.0000,125.0000,132.0000,128.4300,4.1800
2026-06-12 14:30:23,133.0000,125.0000,132.0000,128.4200,4.1900
2026-06-12 14:32:12,133.0000,125.0000,132.0000,128.8400,4.2000
2026-06-12 15:00:28,133.0000,125.0000,132.0000,128.3400,4.1200
2026-06-12 15:30:23,133.0000,125.0000,132.0000,130.0400,4.1100
2026-06-12 16:00:21,133.0000,125.0000,132.0000,128.7900,4.0700
2026-06-12 16:30:24,133.0000,125.0000,132.0000,127.9200,4.1100
2026-06-12 17:00:22,133.0000,125.0000,132.0000,128.1400,4.1100
2026-06-12 17:30:25,133.0000,125.0000,132.0000,128.0700,4.0800
2026-06-12 18:00:31,133.0000,125.0000,132.0000,128.0100,3.9400
2026-06-12 18:30:30,133.0000,125.0000,132.0000,128.1200,3.9200
2026-06-12 19:00:25,133.0000,125.0000,132.0000,128.2100,3.9500
2026-06-12 19:30:26,133.0000,125.0000,132.0000,128.2500,3.9300
2026-06-12 20:00:31,133.0000,125.0000,132.0000,128.1200,3.9000
2026-06-15 04:00:10,133.0000,125.0000,132.0000,128.2200,3.9200
2026-06-15 06:54:22,133.0000,125.0000,132.0000,128.2200,3.9200
2026-06-15 13:00:10,133.0000,125.0000,131.0000,130.0500,3.9600
2026-06-15 13:30:21,133.0000,125.0000,129.0000,129.9700,3.9700
2026-06-15 14:00:24,133.0000,125.0000,131.0000,131.1900,4.7300
2026-06-15 14:30:30,133.0000,125.0000,131.0000,131.7700,4.7000
2026-06-15 15:00:29,138.0000,130.0000,131.0000,133.4800,4.8800
2026-06-15 15:22:29,138.0000,130.0000,131.0000,133.8700,4.8700
2026-06-15 15:30:30,138.0000,130.0000,131.0000,134.0700,4.8700
2026-06-15 16:00:23,138.0000,130.0000,131.0000,134.3700,4.8400
2026-06-15 16:30:23,138.0000,130.0000,131.0000,134.5200,4.7200
2026-06-15 17:00:29,138.0000,130.0000,131.0000,134.4300,4.8200
2026-06-15 17:30:25,138.0000,130.0000,131.0000,133.9100,4.7700
2026-06-15 18:00:21,138.0000,130.0000,131.0000,134.2200,4.8100
2026-06-15 18:30:21,138.0000,130.0000,131.0000,133.4900,4.7300
2026-06-15 19:00:25,138.0000,130.0000,131.0000,133.9100,4.7200
2026-06-15 19:30:28,138.0000,130.0000,131.0000,134.3600,4.7100
2026-06-15 20:00:29,138.0000,130.0000,131.0000,134.5000,4.6400
2026-06-16 13:00:09,140.0000,130.0000,132.0000,133.9900,4.6000
2026-06-16 13:30:23,140.0000,130.0000,132.0000,134.1200,4.6000
2026-06-16 14:00:23,133.0000,130.0000,132.0000,132.9600,4.8500
2026-06-16 14:12:32,133.0000,130.0000,132.0000,132.8500,4.7100
2026-06-16 14:30:22,133.0000,130.0000,132.0000,130.8600,4.6600
2026-06-16 15:00:18,133.0000,125.0000,132.0000,129.8900,4.6100
2026-06-16 15:05:25,133.0000,125.0000,132.0000,129.9400,4.6400
2026-06-16 15:30:19,133.0000,130.0000,132.0000,131.0500,4.5800
2026-06-16 16:00:19,133.0000,130.0000,132.0000,131.1400,4.6100
2026-06-16 16:30:20,133.0000,130.0000,132.0000,130.4000,4.4800
2026-06-16 17:00:22,133.0000,130.0000,132.0000,131.0200,4.4400
2026-06-16 17:30:24,133.0000,130.0000,132.0000,131.2600,4.4300
2026-06-16 18:00:23,133.0000,130.0000,132.0000,130.8100,4.3400
2026-06-16 18:30:20,133.0000,130.0000,132.0000,131.0800,4.2500
2026-06-16 19:00:25,133.0000,130.0000,132.0000,131.3100,4.2500
2026-06-16 19:30:26,133.0000,130.0000,132.0000,132.0900,4.4100
2026-06-16 20:00:24,133.0000,130.0000,132.0000,132.6900,4.3900
2026-06-17 10:53:40,133.0000,130.0000,131.0000,132.5900,4.4900
2026-06-17 13:00:09,133.0000,130.0000,131.0000,131.8700,4.4800
2026-06-17 13:30:17,133.0000,130.0000,131.0000,131.7600,4.4700
2026-06-17 14:00:17,137.0000,130.0000,131.0000,133.8400,5.2500
2026-06-17 14:30:20,140.0000,130.0000,131.0000,135.4400,5.3000
2026-06-17 15:00:23,137.0000,130.0000,131.0000,134.5600,4.7500
2026-06-17 15:30:25,137.0000,130.0000,131.0000,134.6400,4.8100
2026-06-17 16:00:22,137.0000,130.0000,131.0000,135.0000,4.8900
2026-06-17 16:30:22,137.0000,130.0000,131.0000,134.7900,4.8700
2026-06-17 17:00:30,137.0000,130.0000,131.0000,134.9300,4.8000
2026-06-17 17:30:29,137.0000,130.0000,131.0000,135.0600,4.8300
2026-06-17 18:00:30,137.0000,130.0000,131.0000,135.1300,4.9100
2026-06-17 18:30:48,137.0000,130.0000,131.0000,134.4400,4.9900
2026-06-17 19:01:16,137.0000,130.0000,131.0000,134.4600,4.8100
2026-06-17 19:31:11,133.0000,130.0000,131.0000,133.0000,4.7500
2026-06-17 20:00:48,133.0000,130.0000,131.0000,130.5700,5.1700
2026-06-18 09:18:46,133.0000,130.0000,131.0000,132.0500,5.4000
2026-06-18 09:22:24,133.0000,130.0000,131.0000,132.0500,5.4000
2026-06-18 11:14:29,133.0000,130.0000,131.0000,131.0000,5.2300
2026-06-18 13:00:23,133.0000,130.0000,131.0000,130.4800,5.2200
2026-06-18 13:30:50,133.0000,130.0000,131.0000,131.1400,5.2300
2026-06-18 14:00:51,133.0000,125.0000,131.0000,128.1900,7.4200
2026-06-18 14:30:47,133.0000,125.0000,131.0000,126.6600,6.7000
2026-06-18 15:00:46,133.0000,125.0000,131.0000,127.2700,6.2900
2026-06-18 15:30:47,133.0000,125.0000,131.0000,127.2500,5.7500
2026-06-18 16:00:46,133.0000,125.0000,131.0000,126.0800,6.7200
2026-06-18 16:30:47,133.0000,125.0000,131.0000,127.4800,5.7800
2026-06-18 17:00:51,133.0000,125.0000,131.0000,128.0600,5.7500
2026-06-18 17:30:49,133.0000,125.0000,131.0000,128.8100,7.1900
2026-06-18 18:00:48,133.0000,125.0000,131.0000,128.8100,6.8000
2026-06-18 18:30:49,133.0000,125.0000,131.0000,128.2300,6.5600
2026-06-18 19:00:47,133.0000,125.0000,131.0000,128.0100,7.3800
2026-06-18 19:31:02,133.0000,125.0000,131.0000,127.9800,6.8300
2026-06-18 20:00:59,133.0000,128.0000,131.0000,128.2100,8.3500
2026-06-19 13:00:11,132.0000,125.0000,128.0000,128.6500,3.6100
2026-06-19 13:30:21,132.0000,125.0000,128.0000,128.6500,3.6100
2026-06-19 14:00:21,132.0000,125.0000,128.0000,128.6500,3.6100
2026-06-19 14:30:22,132.0000,125.0000,128.0000,128.6500,3.6100
2026-06-19 15:00:25,132.0000,125.0000,128.0000,128.6500,3.6100
2026-06-19 15:30:26,132.0000,125.0000,128.0000,128.6500,3.6100
2026-06-19 16:00:26,132.0000,125.0000,128.0000,128.6500,3.6100
2026-06-19 16:30:24,132.0000,125.0000,128.0000,128.6500,3.6100
2026-06-19 17:00:23,132.0000,125.0000,128.0000,128.6500,3.6100
2026-06-19 17:30:24,132.0000,125.0000,128.0000,128.6500,3.6100
2026-06-19 18:00:21,132.0000,125.0000,128.0000,128.6500,3.6100
2026-06-19 18:30:23,132.0000,125.0000,128.0000,128.6500,3.6100
2026-06-19 19:00:25,132.0000,125.0000,128.0000,128.6500,3.6100
2026-06-19 19:30:22,132.0000,125.0000,128.0000,128.6500,3.6100
2026-06-19 20:00:25,132.0000,125.0000,128.0000,128.6500,3.6100
2026-06-22 07:01:30,132.0000,125.0000,128.0000,128.6500,3.6100
2026-06-22 11:12:25,132.0000,125.0000,128.0000,126.7300,3.5800
2026-06-22 13:00:11,132.0000,125.0000,128.0000,126.7200,3.5800
2026-06-22 13:30:23,132.0000,125.0000,128.0000,126.5200,3.5800
2026-06-22 14:00:22,132.0000,125.0000,128.0000,128.1100,4.5100
2026-06-22 14:30:19,132.0000,123.0000,128.0000,126.4200,4.2800
2026-06-22 15:00:19,129.0000,117.0000,128.0000,123.6400,4.4900
2026-06-22 15:30:23,129.0000,117.0000,128.0000,122.4700,4.4400
2026-06-22 16:00:23,129.0000,117.0000,128.0000,122.7900,4.3600
2026-06-22 16:30:25,129.0000,117.0000,128.0000,121.2000,4.4100
2026-06-22 17:00:32,129.0000,117.0000,128.0000,120.7300,4.4000
2026-06-22 17:30:32,129.0000,117.0000,128.0000,120.9100,4.4300
2026-06-22 18:00:29,129.0000,117.0000,128.0000,120.1400,4.3800
2026-06-22 18:30:28,129.0000,117.0000,128.0000,120.7400,4.3500
2026-06-22 19:00:28,129.0000,117.0000,128.0000,120.3900,4.3800
2026-06-22 19:30:31,129.0000,117.0000,128.0000,119.5600,4.4400
2026-06-23 10:50:00,130.0000,117.0000,121.0000,119.1300,4.4500
2026-06-23 13:00:12,130.0000,117.0000,121.0000,119.2900,4.4600
2026-06-23 13:30:24,130.0000,117.0000,121.0000,120.4200,4.4900
2026-06-23 14:00:24,130.0000,117.0000,121.0000,119.8100,4.7100
2026-06-23 14:30:22,129.0000,117.0000,121.0000,118.6400,4.5100
2026-06-23 14:52:55,129.0000,117.0000,121.0000,119.2700,4.4300
2026-06-23 15:00:27,129.0000,117.0000,121.0000,119.1700,4.4600
2026-06-23 15:30:25,129.0000,117.0000,121.0000,118.9700,4.4100
2026-06-23 16:00:26,129.0000,117.0000,121.0000,118.5900,4.3600
2026-06-23 16:18:25,129.0000,117.0000,121.0000,118.9200,4.3000
2026-06-23 16:25:47,129.0000,117.0000,121.0000,118.9800,4.3200
2026-06-23 16:30:32,129.0000,117.0000,121.0000,118.7200,4.2900
2026-06-23 17:00:25,129.0000,117.0000,121.0000,118.8900,4.2500
2026-06-23 17:30:25,129.0000,117.0000,121.0000,118.8900,4.2300
2026-06-23 18:00:31,129.0000,117.0000,121.0000,118.6900,4.2700
2026-06-23 18:12:14,129.0000,117.0000,121.0000,117.9200,4.2900
2026-06-23 18:30:31,129.0000,117.0000,121.0000,118.1800,4.2500
2026-06-23 19:00:27,129.0000,115.0000,121.0000,116.6200,4.3400
2026-06-23 19:16:27,129.0000,115.0000,121.0000,116.6800,4.3200
2026-06-23 19:30:27,129.0000,115.0000,121.0000,116.5900,4.3000
2026-06-23 20:00:30,129.0000,115.0000,121.0000,116.3100,4.3300
2026-06-24 08:13:35,129.0000,115.0000,121.0000,116.1000,4.3100
2026-06-24 13:00:10,128.0000,114.0000,121.0000,114.3900,4.3200
2026-06-24 13:30:25,128.0000,110.0000,121.0000,113.8400,4.3500
2026-06-24 14:00:23,128.0000,117.0000,121.0000,117.4100,4.7300
2026-06-24 14:30:18,128.0000,115.0000,121.0000,116.3700,4.4700
2026-06-24 14:34:55,128.0000,115.0000,121.0000,116.4200,4.4400
2026-06-24 15:00:25,128.0000,115.0000,121.0000,116.0400,4.4100
2026-06-24 15:30:22,128.0000,115.0000,121.0000,115.5500,4.4000
2026-06-24 16:00:23,128.0000,114.0000,121.0000,114.3100,4.5300
2026-06-24 16:30:22,128.0000,110.0000,121.0000,113.9900,4.4200
2026-06-24 17:00:26,128.0000,110.0000,121.0000,112.9900,4.4200
2026-06-24 17:30:24,128.0000,110.0000,121.0000,112.9100,4.4300
2026-06-24 18:00:20,128.0000,110.0000,121.0000,112.7400,4.3900
2026-06-24 18:30:23,128.0000,110.0000,121.0000,113.6900,4.3900
2026-06-24 19:00:29,128.0000,110.0000,121.0000,113.5900,4.3800
2026-06-24 19:30:32,128.0000,110.0000,121.0000,113.3500,4.4400
2026-06-24 20:00:28,128.0000,110.0000,121.0000,113.7600,4.3400
2026-06-25 06:51:47,128.0000,110.0000,121.0000,113.7700,4.3300
2026-06-25 08:30:43,128.0000,110.0000,121.0000,113.7700,4.3300
2026-06-25 12:55:50,118.0000,110.0000,118.0000,111.4000,4.3400
2026-06-25 13:00:22,118.0000,110.0000,118.0000,111.2000,4.3300
2026-06-25 13:30:21,118.0000,110.0000,118.0000,111.2100,4.3400
2026-06-25 14:00:22,118.0000,105.0000,118.0000,108.4800,5.0600
2026-06-25 14:30:23,118.0000,105.0000,118.0000,107.2500,4.7800
2026-06-25 15:00:22,118.0000,105.0000,118.0000,107.5400,4.6600
2026-06-25 15:30:21,118.0000,105.0000,118.0000,106.6600,4.5800
2026-06-25 16:00:23,118.0000,105.0000,118.0000,107.5600,4.5400
2026-06-25 16:30:26,118.0000,105.0000,118.0000,107.7800,4.4300
2026-06-25 17:00:25,118.0000,105.0000,118.0000,107.3000,4.3500
2026-06-25 17:30:24,118.0000,105.0000,118.0000,107.0400,4.3100
2026-06-25 18:00:26,118.0000,105.0000,118.0000,106.8400,4.1800
2026-06-25 18:30:25,118.0000,105.0000,118.0000,107.0000,4.1100
2026-06-25 19:00:28,118.0000,105.0000,118.0000,108.0500,4.2400
2026-06-25 19:30:31,118.0000,105.0000,118.0000,107.4200,4.3600
2026-06-25 20:00:27,118.0000,105.0000,118.0000,106.9800,4.2600
2026-06-26 07:27:45,118.0000,105.0000,118.0000,107.9700,5.0900
2026-06-26 07:47:30,118.0000,105.0000,118.0000,107.9700,5.0900
2026-06-26 13:00:12,110.0000,105.0000,108.0000,108.7200,5.2500
2026-06-26 13:30:23,110.0000,105.0000,110.0000,109.1500,5.2600
2026-06-26 14:00:20,112.0000,107.0000,110.0000,110.6500,6.9200
2026-06-26 14:17:38,112.0000,107.0000,110.0000,110.8400,6.4900
2026-06-26 14:30:31,112.0000,107.0000,110.0000,111.7000,5.9800
2026-06-26 15:00:27,112.0000,107.0000,110.0000,111.9200,5.3200
2026-06-26 15:30:25,112.0000,107.0000,110.0000,111.8500,5.0800
2026-06-26 16:00:23,114.0000,105.0000,114.0000,113.9500,5.3200
2026-06-26 16:30:21,114.0000,105.0000,114.0000,113.1700,4.8200
2026-06-26 17:00:27,114.0000,105.0000,114.0000,113.5300,4.3000
2026-06-26 17:30:28,114.0000,107.0000,114.0000,112.7700,4.6700
2026-06-26 18:00:25,114.0000,105.0000,114.0000,113.4000,5.8900
2026-06-26 18:30:24,114.0000,105.0000,114.0000,113.5300,5.1300
2026-06-26 19:00:23,114.0000,107.0000,114.0000,112.9200,5.7100
2026-06-26 19:30:21,114.0000,105.0000,114.0000,113.1700,6.5800
2026-06-26 20:00:25,114.0000,107.0000,114.0000,112.9300,7.5900
2026-06-29 08:54:07,115.0000,95.0000,113.0000,112.2000,3.5700
2026-06-29 09:08:58,115.0000,95.0000,113.0000,112.2000,3.5700
2026-06-29 09:12:06,115.0000,95.0000,113.0000,112.2000,3.5700
2026-06-29 12:14:50,118.0000,100.0000,108.0000,117.0600,3.7500
2026-06-29 13:00:11,118.0000,100.0000,108.0000,116.8000,3.7400
2026-06-29 13:30:21,118.0000,100.0000,108.0000,117.5400,3.7500
2026-06-29 14:00:18,118.0000,100.0000,108.0000,117.4900,4.6400
2026-06-29 14:30:22,118.0000,100.0000,108.0000,116.4400,4.7400
2026-06-29 15:00:24,120.0000,100.0000,108.0000,118.1400,4.6400
2026-06-29 15:06:15,120.0000,100.0000,108.0000,118.4900,4.6800
2026-06-29 15:34:01,118.0000,100.0000,108.0000,116.5200,4.5600
2026-06-29 16:04:04,118.0000,100.0000,108.0000,115.8100,4.5100
2026-06-29 16:30:28,118.0000,100.0000,108.0000,115.6800,4.3900
2026-06-29 17:00:28,118.0000,100.0000,108.0000,115.1200,4.3600
2026-06-29 17:30:32,118.0000,100.0000,108.0000,116.3400,4.3900
2026-06-29 17:51:03,118.0000,100.0000,108.0000,116.5300,4.3800
2026-06-29 18:00:27,118.0000,100.0000,108.0000,116.5600,4.3900
2026-06-29 18:30:32,118.0000,100.0000,108.0000,116.5700,4.3400
2026-06-29 19:00:30,118.0000,100.0000,108.0000,116.3200,4.3200
2026-06-29 19:30:23,118.0000,100.0000,108.0000,116.2500,4.3500
2026-06-29 20:00:26,118.0000,100.0000,108.0000,116.1600,4.3000
2026-06-30 08:29:30,118.0000,100.0000,108.0000,116.7100,4.2700
2026-06-30 13:00:13,118.0000,112.0000,113.0000,115.3600,4.2400
2026-06-30 13:30:30,118.0000,112.0000,113.0000,115.3500,4.2500
2026-06-30 13:47:07,118.0000,112.0000,113.0000,115.6400,4.6400
2026-06-30 14:01:11,118.0000,112.0000,113.0000,115.9700,4.4700
2026-06-30 14:30:25,118.0000,112.0000,113.0000,115.7200,4.3000
2026-06-30 14:35:49,118.0000,112.0000,113.0000,115.5800,4.2100
2026-06-30 14:38:58,118.0000,112.0000,113.0000,115.9000,4.2700
2026-06-30 15:00:24,118.0000,112.0000,113.0000,115.9700,4.1900
2026-06-30 15:30:24,118.0000,112.0000,113.0000,115.7900,4.2100
2026-06-30 16:00:25,120.0000,112.0000,113.0000,117.0700,4.2500
2026-06-30 16:30:25,120.0000,112.0000,113.0000,117.4300,4.2700
2026-06-30 17:00:21,120.0000,112.0000,113.0000,117.9600,4.2500
2026-06-30 17:30:20,120.0000,112.0000,113.0000,118.2700,4.2300
2026-06-30 18:00:25,120.0000,112.0000,113.0000,118.1100,4.2600
2026-06-30 18:30:26,120.0000,112.0000,113.0000,117.5500,4.2200
2026-06-30 19:00:26,120.0000,112.0000,113.0000,117.3900,4.2500
2026-06-30 19:30:30,120.0000,112.0000,113.0000,117.0500,4.1900
2026-06-30 20:00:27,118.0000,112.0000,113.0000,116.6500,4.1700
2026-06-30 20:23:15,118.0000,112.0000,113.0000,116.5100,4.0900
2026-07-01 05:02:04,118.0000,112.0000,113.0000,117.3400,4.1100
2026-07-01 11:36:41,120.0000,112.0000,113.0000,119.4900,4.1800
2026-07-01 12:34:52,120.0000,112.0000,113.0000,119.5700,4.1900
2026-07-01 13:00:27,120.0000,112.0000,113.0000,119.5900,4.1900
2026-07-01 13:10:11,121.0000,112.0000,113.0000,120.0300,4.2300
2026-07-01 13:30:24,120.0000,112.0000,113.0000,119.8100,4.2100
2026-07-01 13:51:27,127.0000,112.0000,113.0000,122.3300,5.5500
2026-07-01 13:59:42,127.0000,112.0000,113.0000,123.6200,5.6500
2026-07-01 14:01:27,127.0000,112.0000,113.0000,123.5300,5.5600
2026-07-01 14:30:29,127.0000,112.0000,113.0000,125.2700,5.2100
2026-07-01 15:00:26,127.0000,112.0000,113.0000,126.6400,5.2000
2026-07-01 15:30:24,129.0000,112.0000,113.0000,127.4200,5.2200
2026-07-01 16:00:23,130.0000,112.0000,113.0000,127.6700,5.2100
2026-07-01 16:30:20,129.0000,112.0000,113.0000,127.0800,4.9600
2026-07-01 16:59:27,127.0000,112.0000,113.0000,126.6900,4.9200
2026-07-01 17:00:41,127.0000,112.0000,113.0000,126.7100,4.8800
2026-07-01 17:30:32,127.0000,112.0000,113.0000,126.9100,4.7400
2026-07-01 17:35:07,129.0000,112.0000,113.0000,127.0400,4.6100
2026-07-01 18:00:33,127.0000,112.0000,113.0000,126.6700,4.8100
2026-07-01 18:50:49,130.0000,112.0000,113.0000,128.0400,4.7600
2026-07-01 19:00:29,129.0000,112.0000,113.0000,127.7100,4.7500
2026-07-01 19:30:23,129.0000,112.0000,113.0000,127.3900,4.6200
2026-07-01 20:00:21,127.0000,112.0000,113.0000,126.9700,4.6700
2026-07-02 04:03:26,127.0000,112.0000,113.0000,125.4000,4.7700
2026-07-02 08:55:22,127.0000,112.0000,113.0000,125.4000,4.7700
2026-07-02 08:56:55,127.0000,112.0000,113.0000,125.4000,4.7700
2026-07-02 12:15:14,135.0000,112.0000,117.0000,130.5000,4.5100
2026-07-02 12:26:56,130.0000,112.0000,117.0000,129.3400,4.5500
2026-07-02 13:00:12,129.0000,112.0000,117.0000,128.7600,4.5300
2026-07-02 13:30:23,130.0000,112.0000,117.0000,129.7400,4.4200
2026-07-02 14:00:24,135.0000,112.0000,117.0000,132.1900,7.1700
2026-07-02 14:07:42,135.0000,112.0000,117.0000,130.9900,7.7000
2026-07-02 14:11:24,135.0000,112.0000,117.0000,130.7600,7.8800
2026-07-02 14:30:32,135.0000,112.0000,117.0000,131.2000,7.5700
2026-07-02 15:00:29,135.0000,112.0000,117.0000,130.0200,7.6300
2026-07-02 15:30:27,130.0000,112.0000,117.0000,129.3500,6.4500
2026-07-02 16:00:29,130.0000,112.0000,117.0000,129.3800,7.1700
2026-07-02 16:30:32,130.0000,112.0000,117.0000,129.6300,5.9800
2026-07-02 17:00:34,131.0000,112.0000,117.0000,130.0100,7.0900
2026-07-02 17:30:32,135.0000,112.0000,117.0000,131.3200,5.9800
2026-07-02 18:00:27,135.0000,112.0000,117.0000,131.1800,6.8800
2026-07-02 18:30:25,135.0000,112.0000,117.0000,131.4700,7.9800
2026-07-02 19:00:24,132.0000,112.0000,117.0000,131.0500,6.9500
2026-07-02 19:30:28,131.0000,112.0000,117.0000,130.1200,8.0000
2026-07-02 20:00:29,130.0000,112.0000,117.0000,129.8400,9.5500
2026-07-03 13:00:10,150.0000,120.0000,128.0000,129.7800,4.2100
2026-07-03 13:30:19,150.0000,120.0000,128.0000,129.7800,4.2100
2026-07-03 14:00:18,150.0000,120.0000,128.0000,129.7800,4.2100
2026-07-03 14:30:19,150.0000,120.0000,128.0000,129.7800,4.2100
2026-07-03 15:00:20,150.0000,120.0000,128.0000,129.7800,4.2100
2026-07-03 15:30:22,150.0000,120.0000,128.0000,129.7800,4.2100
2026-07-03 16:00:21,150.0000,120.0000,128.0000,129.7800,4.2100
2026-07-03 16:30:17,150.0000,120.0000,128.0000,129.7800,4.2100
2026-07-03 17:00:17,150.0000,120.0000,128.0000,129.7800,4.2100
2026-07-03 17:30:21,150.0000,120.0000,128.0000,129.7800,4.2100
2026-07-03 18:00:23,150.0000,120.0000,128.0000,129.7800,4.2100
2026-07-03 18:30:21,150.0000,120.0000,128.0000,129.7800,4.2100
2026-07-03 19:00:20,150.0000,120.0000,128.0000,129.7800,4.2100
2026-07-03 19:30:18,150.0000,120.0000,128.0000,129.7800,4.2100
2026-07-03 20:00:18,150.0000,120.0000,128.0000,129.7800,4.2100
2026-07-06 04:00:11,150.0000,120.0000,128.0000,129.7800,4.2100
2026-07-06 10:47:18,150.0000,120.0000,128.0000,129.8400,4.2100
2026-07-06 12:39:30,150.0000,120.0000,128.0000,130.1900,4.2200
2026-07-06 12:43:18,150.0000,120.0000,128.0000,130.1900,4.2200
2026-07-06 12:50:13,150.0000,120.0000,128.0000,128.1100,4.1700
2026-07-06 12:57:56,150.0000,120.0000,128.0000,128.1100,4.1700
2026-07-06 13:00:22,150.0000,120.0000,128.0000,128.1100,4.1700
2026-07-06 13:30:18,150.0000,120.0000,128.0000,127.9200,4.1700
2026-07-06 13:49:32,150.0000,120.0000,128.0000,130.0600,4.5900
2026-07-06 13:53:15,150.0000,120.0000,128.0000,130.0600,4.6000
2026-07-06 14:00:19,150.0000,120.0000,128.0000,131.5200,4.7000
2026-07-06 14:30:18,150.0000,120.0000,128.0000,131.3400,4.6100
2026-07-06 14:55:43,150.0000,120.0000,128.0000,130.9300,4.5300
2026-07-06 15:00:21,150.0000,120.0000,128.0000,130.9100,4.5300
2026-07-06 16:00:09,150.0000,120.0000,128.0000,133.4600,4.6000
2026-07-06 16:30:23,150.0000,120.0000,128.0000,133.6900,4.5900
2026-07-06 17:00:28,150.0000,120.0000,128.0000,133.0000,4.5800
2026-07-06 17:30:26,150.0000,120.0000,128.0000,133.1400,4.5500
2026-07-06 17:45:01,150.0000,120.0000,128.0000,133.1500,4.5500
2026-07-06 18:00:19,150.0000,120.0000,128.0000,132.3300,4.5500
2026-07-06 18:30:21,150.0000,120.0000,128.0000,131.8400,4.5100
2026-07-06 19:00:23,150.0000,120.0000,128.0000,132.3400,4.5300
2026-07-06 19:30:28,150.0000,120.0000,128.0000,132.6900,4.5200
2026-07-06 20:00:29,150.0000,120.0000,128.0000,132.3800,4.4800
2026-07-07 12:08:18,150.0000,120.0000,128.0000,134.9000,4.5800
2026-07-07 13:00:09,150.0000,120.0000,128.0000,134.4200,4.5600
2026-07-07 13:30:18,150.0000,120.0000,128.0000,134.4600,4.5600
2026-07-07 13:53:22,150.0000,120.0000,128.0000,133.9700,4.7000
2026-07-07 14:00:18,150.0000,120.0000,128.0000,133.6000,4.5700
2026-07-07 14:30:18,150.0000,120.0000,128.0000,133.0500,4.5300
2026-07-07 15:00:24,150.0000,120.0000,128.0000,134.1300,4.6800
2026-07-07 15:30:28,150.0000,120.0000,128.0000,135.2400,4.7100
2026-07-07 16:00:22,150.0000,120.0000,128.0000,135.7700,4.7300
2026-07-07 16:30:23,150.0000,120.0000,128.0000,135.4800,4.7200
2026-07-07 17:00:25,150.0000,120.0000,128.0000,137.0800,4.7900
2026-07-07 17:30:23,150.0000,120.0000,128.0000,137.1000,4.7500
2026-07-07 17:56:01,150.0000,120.0000,128.0000,137.9600,4.7800
2026-07-07 18:00:28,150.0000,120.0000,128.0000,138.5400,4.8200
2026-07-07 18:17:06,150.0000,120.0000,128.0000,138.5100,4.8200
2026-07-07 18:30:30,150.0000,120.0000,128.0000,138.6000,4.8000
2026-07-07 19:00:22,150.0000,120.0000,128.0000,137.8300,4.7800
2026-07-07 19:30:25,150.0000,120.0000,128.0000,136.2600,4.8100
2026-07-07 20:00:30,150.0000,120.0000,128.0000,134.9900,4.7600
2026-07-08 13:00:10,150.0000,120.0000,128.0000,130.7000,4.6600
2026-07-08 13:30:27,150.0000,120.0000,128.0000,130.8000,4.6800
2026-07-08 13:49:16,150.0000,120.0000,128.0000,129.5200,4.7400
2026-07-08 14:00:25,150.0000,120.0000,128.0000,128.5400,4.6800
2026-07-08 14:30:27,150.0000,120.0000,128.0000,128.4700,4.5600
2026-07-08 15:00:23,150.0000,120.0000,128.0000,128.4200,4.4600
2026-07-08 15:30:21,150.0000,120.0000,128.0000,128.6000,4.4300
2026-07-08 16:00:19,150.0000,120.0000,128.0000,128.3600,4.4600
2026-07-08 16:30:22,150.0000,120.0000,128.0000,128.9800,4.4100
2026-07-08 17:00:26,150.0000,120.0000,128.0000,129.1200,4.3500
2026-07-08 17:30:23,150.0000,120.0000,128.0000,128.9000,4.3300
2026-07-08 18:00:25,150.0000,120.0000,128.0000,129.6700,4.3200
2026-07-08 18:01:19,150.0000,120.0000,128.0000,129.7000,4.3200
2026-07-08 18:30:26,150.0000,120.0000,128.0000,129.9800,4.3200
2026-07-08 19:00:30,150.0000,120.0000,128.0000,130.7300,4.3600
2026-07-08 19:05:45,150.0000,120.0000,128.0000,130.7800,4.3500
2026-07-08 19:30:29,150.0000,120.0000,128.0000,130.2900,4.3300
2026-07-08 20:00:27,150.0000,120.0000,134.0000,132.2500,4.4100
2026-07-09 08:43:51,150.0000,120.0000,134.0000,131.5000,4.3800
2026-07-09 08:58:13,150.0000,120.0000,134.0000,131.5000,4.3800
2026-07-09 13:00:10,145.0000,120.0000,128.0000,128.6200,4.3000
2026-07-09 13:30:25,145.0000,120.0000,128.0000,128.3500,4.3300
2026-07-09 14:00:24,145.0000,120.0000,128.0000,127.3900,4.4600
2026-07-09 14:30:19,145.0000,120.0000,128.0000,127.9800,4.3300
2026-07-09 15:00:22,145.0000,120.0000,126.0000,125.9100,4.2900
2026-07-09 15:30:26,145.0000,120.0000,126.0000,126.3200,4.2000
2026-07-09 16:00:25,145.0000,120.0000,128.0000,127.3100,4.1400
2026-07-09 16:30:22,145.0000,120.0000,126.0000,126.4400,4.0900
2026-07-09 17:00:19,145.0000,120.0000,128.0000,127.0500,4.1000
2026-07-09 17:30:21,145.0000,120.0000,128.0000,127.4000,4.1400
2026-07-09 17:32:20,145.0000,120.0000,128.0000,127.4600,4.1400
2026-07-09 18:00:21,145.0000,120.0000,128.0000,127.8100,4.1600
2026-07-09 18:30:25,145.0000,120.0000,128.0000,127.9700,4.1300
2026-07-09 19:00:26,145.0000,120.0000,128.0000,128.5100,4.1500
2026-07-09 19:30:20,145.0000,120.0000,128.0000,128.7200,4.1200
2026-07-09 20:00:23,145.0000,120.0000,128.0000,129.0000,4.1200
2026-07-10 11:05:42,145.0000,120.0000,126.0000,130.3000,4.1800
2026-07-10 11:37:06,145.0000,120.0000,126.0000,129.3500,4.1500
2026-07-10 11:45:59,145.0000,120.0000,126.0000,129.3500,4.1500
2026-07-10 13:00:12,145.0000,120.0000,126.0000,130.8600,4.2000
2026-07-10 13:30:23,145.0000,120.0000,126.0000,130.9000,4.2000
2026-07-10 14:00:21,130.0000,120.0000,126.0000,129.7400,4.1200
2026-07-10 14:30:20,130.0000,120.0000,126.0000,128.3700,4.0800
2026-07-10 15:00:21,130.0000,120.0000,126.0000,126.6700,4.0400
2026-07-10 15:30:20,130.0000,120.0000,126.0000,126.6400,3.9400
2026-07-10 16:00:19,130.0000,120.0000,126.0000,126.2800,3.8900
2026-07-10 16:16:44,130.0000,120.0000,126.0000,127.1400,3.9200
2026-07-10 16:30:28,130.0000,120.0000,126.0000,127.1300,3.9000
2026-07-10 17:00:26,130.0000,120.0000,126.0000,127.5300,3.8300
2026-07-10 17:30:22,130.0000,120.0000,126.0000,127.0400,3.8200
2026-07-10 18:00:23,130.0000,120.0000,126.0000,126.2300,3.9000
2026-07-10 18:30:21,130.0000,120.0000,126.0000,126.1000,3.8500
2026-07-10 19:00:26,130.0000,120.0000,126.0000,126.9100,3.8300
2026-07-10 19:30:32,130.0000,120.0000,126.0000,126.8100,3.8400
2026-07-10 19:51:12,130.0000,120.0000,126.0000,126.8100,3.7700
2026-07-10 20:00:33,130.0000,120.0000,126.0000,126.9400,3.7600
2026-07-16 13:35:07,135.0000,120.0000,127.0000,133.4300,4.8700
2026-07-16 14:00:19,131.0000,120.0000,127.0000,129.4700,5.3300
2026-07-16 14:30:22,135.0000,120.0000,127.0000,131.5100,4.9900
2026-07-16 15:00:22,135.0000,120.0000,127.0000,132.6400,4.9300
2026-07-16 15:30:19,135.0000,120.0000,127.0000,132.3000,4.9100
2026-07-16 16:00:27,135.0000,120.0000,127.0000,132.2800,4.8700
2026-07-16 16:30:31,135.0000,120.0000,127.0000,132.8200,4.9400
2026-07-16 17:00:27,135.0000,120.0000,127.0000,133.4200,5.0300
2026-07-16 17:30:25,135.0000,120.0000,127.0000,133.2900,4.9900
2026-07-16 18:00:24,135.0000,120.0000,127.0000,133.4100,4.8200
2026-07-16 18:30:29,135.0000,120.0000,127.0000,134.1700,4.7600
2026-07-16 19:00:32,135.0000,120.0000,127.0000,133.7900,4.7900
2026-07-16 19:30:29,135.0000,120.0000,127.0000,133.7900,4.8400
2026-07-16 20:00:31,135.0000,120.0000,127.0000,134.3100,4.8100
2026-07-17 13:00:13,135.0000,120.0000,131.0000,130.6900,4.3000
2026-07-17 13:30:28,135.0000,120.0000,131.0000,129.5100,4.2200
2026-07-17 14:00:23,131.0000,120.0000,131.0000,129.5900,6.6300
2026-07-17 14:30:25,135.0000,120.0000,131.0000,131.1100,6.7000
2026-07-17 15:00:30,135.0000,120.0000,131.0000,131.8100,6.0100
2026-07-17 15:30:28,135.0000,120.0000,131.0000,132.0000,6.2200
2026-07-17 16:00:32,135.0000,120.0000,131.0000,131.2800,6.5800
2026-07-17 16:30:31,135.0000,120.0000,131.0000,131.8600,5.3500
2026-07-17 17:00:30,135.0000,120.0000,133.0000,132.8000,5.2400
2026-07-17 17:30:31,135.0000,120.0000,133.0000,134.0000,6.1500
2026-07-17 18:00:28,135.0000,120.0000,133.0000,134.3200,6.1600
2026-07-17 18:30:27,135.0000,120.0000,133.0000,133.9900,6.5700
2026-07-17 19:00:23,133.0000,120.0000,133.0000,132.5200,5.5400
2026-07-17 19:30:25,133.0000,120.0000,133.0000,132.3200,7.4700
2026-07-17 20:00:30,133.0000,120.0000,131.0000,131.9000,8.7500
2026-07-20 07:08:57,140.0000,125.0000,131.0000,131.6800,4.3800
2026-07-20 13:00:15,140.0000,125.0000,130.0000,130.3000,4.3600
2026-07-20 13:30:31,140.0000,125.0000,130.0000,130.4000,4.3700
2026-07-20 14:00:28,140.0000,125.0000,133.0000,135.1400,5.3000
2026-07-20 14:30:29,140.0000,125.0000,133.0000,133.0200,5.3100
2026-07-20 15:00:29,140.0000,125.0000,133.0000,132.8300,5.2600
2026-07-20 15:30:27,140.0000,125.0000,133.0000,132.7000,5.3100
2026-07-20 16:00:32,140.0000,125.0000,133.0000,133.6100,5.2300
2026-07-20 16:30:32,140.0000,125.0000,133.0000,134.9200,5.2700
2026-07-20 17:00:31,140.0000,125.0000,133.0000,135.1100,5.2900
2026-07-20 17:30:29,140.0000,125.0000,133.0000,134.4700,5.2400
2026-07-20 18:00:23,140.0000,125.0000,133.0000,135.4400,5.2700
2026-07-20 18:30:22,140.0000,125.0000,133.0000,136.2000,5.2700
2026-07-20 19:00:24,140.0000,125.0000,133.0000,135.8800,5.3000
2026-07-20 19:30:21,140.0000,125.0000,133.0000,135.5900,5.3000
2026-07-20 20:00:24,140.0000,125.0000,133.0000,136.1900,5.4000
2026-07-21 12:22:15,140.0000,125.0000,133.0000,133.3400,5.2100
2026-07-21 13:00:11,140.0000,125.0000,133.0000,133.7100,5.2200
2026-07-21 13:30:28,140.0000,125.0000,133.0000,133.6600,5.2200
2026-07-21 14:00:31,140.0000,125.0000,133.0000,133.8100,5.5100
2026-07-21 14:30:27,140.0000,125.0000,133.0000,133.8100,5.2700
2026-07-21 15:00:21,140.0000,125.0000,133.0000,133.8500,5.2200
2026-07-21 15:30:19,140.0000,125.0000,133.0000,132.9400,5.0800
2026-07-21 16:00:21,140.0000,125.0000,133.0000,133.9100,5.1200
2026-07-21 16:30:21,140.0000,125.0000,133.0000,133.6100,5.1100
2026-07-21 17:00:23,140.0000,125.0000,133.0000,133.4400,5.1900
2026-07-21 17:30:22,140.0000,125.0000,133.0000,132.6300,5.1900
2026-07-21 18:00:22,140.0000,125.0000,133.0000,132.8400,5.1600
2026-07-21 18:30:27,140.0000,125.0000,133.0000,133.0500,5.1600
2026-07-21 19:00:28,140.0000,125.0000,133.0000,132.7800,5.1300
2026-07-21 19:30:28,140.0000,125.0000,133.0000,133.0300,5.1200
2026-07-21 20:00:33,140.0000,125.0000,133.0000,132.8600,5.0200
2026-07-22 13:00:09,140.0000,125.0000,133.0000,132.8000,4.9700
2026-07-22 13:30:21,140.0000,125.0000,133.0000,132.7300,4.9700
2026-07-22 13:47:13,130.0000,125.0000,130.0000,129.4800,5.4800
2026-07-22 14:00:26,130.0000,125.0000,130.0000,128.5100,5.2800
2026-07-22 14:30:20,130.0000,125.0000,130.0000,127.4700,5.1500
2026-07-22 15:00:18,130.0000,125.0000,130.0000,126.6700,5.0000
2026-07-22 15:30:19,130.0000,125.0000,130.0000,126.9400,4.8800
2026-07-22 16:00:20,130.0000,125.0000,130.0000,126.5600,4.8100
2026-07-22 16:30:23,130.0000,125.0000,130.0000,126.8100,4.7700
2026-07-22 17:00:27,130.0000,125.0000,130.0000,125.8500,4.8600
2026-07-22 17:30:31,130.0000,125.0000,130.0000,125.5500,4.8300
2026-07-22 18:00:28,130.0000,120.0000,130.0000,124.1300,4.9100
2026-07-22 18:30:22,130.0000,120.0000,130.0000,123.6000,5.0300
2026-07-22 19:00:22,130.0000,120.0000,130.0000,123.9500,5.0000
2026-07-22 19:30:28,130.0000,120.0000,130.0000,124.1400,4.9800
2026-07-22 20:00:25,130.0000,120.0000,130.0000,124.0200,4.9600
2026-07-23 08:24:37,130.0000,125.0000,130.0000,125.1200,5.0800
2026-07-23 13:00:10,130.0000,125.0000,126.0000,125.8500,5.0900
2026-07-23 13:30:22,130.0000,125.0000,126.0000,126.1400,5.1200
2026-07-23 14:00:22,130.0000,120.0000,126.0000,123.9000,5.6900
2026-07-23 14:30:21,130.0000,120.0000,126.0000,123.5300,5.1900
2026-07-23 15:00:21,130.0000,120.0000,126.0000,122.0000,4.7500
2026-07-23 15:30:23,130.0000,120.0000,126.0000,121.2500,4.9800
2026-07-23 16:00:28,130.0000,120.0000,126.0000,121.5000,4.8400
2026-07-23 17:00:12,130.0000,120.0000,126.0000,121.8000,4.5000
2026-07-23 17:30:19,130.0000,120.0000,126.0000,122.1000,4.3700
2026-07-23 18:00:20,130.0000,120.0000,126.0000,122.0900,4.4000
2026-07-23 18:30:23,130.0000,120.0000,126.0000,122.1200,4.2300
2026-07-23 19:00:23,130.0000,120.0000,126.0000,122.0500,4.2700
2026-07-23 19:30:27,130.0000,120.0000,126.0000,122.0600,4.2100
2026-07-23 20:00:20,130.0000,120.0000,126.0000,122.2800,4.2700
2026-07-24 07:30:27,130.0000,120.0000,126.0000,122.7100,4.2000
2026-07-24 13:00:12,130.0000,122.0000,124.0000,124.7500,4.3100
2026-07-24 13:30:21,130.0000,122.0000,124.0000,124.5000,4.3300
2026-07-24 14:00:19,130.0000,122.0000,124.0000,122.9400,5.8500
2026-07-24 14:30:26,130.0000,122.0000,124.0000,122.6900,5.6400
2026-07-24 15:00:33,124.0000,122.0000,124.0000,122.9000,5.0100
2026-07-24 15:30:31,130.0000,123.0000,124.0000,124.0800,5.3700
2026-07-24 16:00:27,124.0000,123.0000,124.0000,123.5100,4.8200
2026-07-24 16:30:21,124.0000,123.0000,124.0000,123.5800,4.5900
2026-07-24 17:00:23,124.0000,123.0000,124.0000,123.4100,4.9000
2026-07-24 17:30:28,124.0000,123.0000,124.0000,123.1400,5.5800
2026-07-24 17:59:28,124.0000,123.0000,124.0000,123.3800,5.2200
2026-07-24 18:00:43,124.0000,123.0000,124.0000,123.4500,5.3700
2026-07-24 18:30:26,124.0000,123.0000,124.0000,123.7100,5.4700
2026-07-24 19:00:27,130.0000,123.0000,124.0000,124.0000,6.2700
2026-07-24 19:30:30,130.0000,123.0000,124.0000,124.1200,6.9000
2026-07-24 20:00:32,124.0000,123.0000,124.0000,123.3000,7.2900
2026-07-27 07:49:46,130.0000,120.0000,123.0000,122.4900,3.9500
2026-07-27 09:33:31,130.0000,119.0000,124.0000,124.8000,3.9400
2026-07-27 13:00:11,130.0000,119.0000,124.0000,124.9600,3.9400
2026-07-27 13:30:20,130.0000,119.0000,126.0000,125.5000,3.9500
2026-07-27 14:00:19,130.0000,119.0000,126.0000,128.1500,5.0000
2026-07-27 14:30:26,130.0000,119.0000,126.0000,127.5600,5.0500
2026-07-27 15:00:27,130.0000,119.0000,126.0000,126.6000,5.1300
2026-07-27 15:30:20,130.0000,119.0000,126.0000,128.2500,5.1100
2026-07-27 16:00:18,130.0000,119.0000,126.0000,129.4700,5.2500
2026-07-27 16:30:25,134.0000,119.0000,126.0000,130.0100,5.2700
2026-07-27 17:00:24,134.0000,119.0000,126.0000,130.4000,5.2800
2026-07-27 17:30:19,134.0000,119.0000,126.0000,130.9000,5.3400
2026-07-27 18:00:21,134.0000,119.0000,126.0000,132.1200,5.4800
2026-07-27 18:30:23,134.0000,119.0000,126.0000,131.8700,5.3600
2026-07-27 19:00:23,134.0000,119.0000,126.0000,131.3500,5.3800
2026-07-27 19:30:21,134.0000,119.0000,126.0000,131.4400,5.3400
2026-07-27 20:00:18,134.0000,119.0000,126.0000,131.2800,5.2300
2026-07-28 09:54:52,134.0000,120.0000,126.0000,131.8900,5.2500
2026-07-28 13:00:16,130.0000,120.0000,126.0000,126.8000,5.1500
2026-07-28 13:30:28,130.0000,120.0000,126.0000,127.0000,5.1600
2026-07-28 14:00:19,130.0000,120.0000,123.0000,121.1400,5.4400
2026-07-28 14:30:18,130.0000,112.0000,123.0000,119.6600,5.6200
2026-07-28 15:00:19,130.0000,112.0000,123.0000,119.7500,5.1200
2026-07-28 15:30:24,130.0000,120.0000,123.0000,122.5000,5.1800
2026-07-28 16:00:31,130.0000,120.0000,123.0000,123.7100,5.2000
2026-07-28 16:30:31,130.0000,120.0000,123.0000,124.1200,5.1200
2026-07-28 17:00:32,130.0000,120.0000,123.0000,124.2500,5.0400
2026-07-28 17:30:29,130.0000,120.0000,123.0000,124.0700,5.0600
2026-07-28 18:00:30,130.0000,120.0000,123.0000,124.5000,5.0900
2026-07-28 18:30:34,130.0000,120.0000,123.0000,123.4200,5.1200
2026-07-28 19:00:29,130.0000,120.0000,123.0000,123.1400,5.1500
2026-07-28 19:30:29,130.0000,120.0000,123.0000,123.3300,5.1400
2026-07-28 20:00:28,130.0000,120.0000,123.0000,123.0200,5.1200
2026-07-29 06:58:03,130.0000,120.0000,123.0000,124.1600,5.1200
2026-07-29 13:00:11,130.0000,119.0000,122.0000,123.9000,5.1300
2026-07-29 13:30:25,130.0000,119.0000,122.0000,124.0300,5.1200
2026-07-29 14:00:31,130.0000,119.0000,122.0000,124.3500,5.3700
2026-07-29 14:30:30,130.0000,119.0000,122.0000,122.8500,5.4800
2026-07-29 15:00:24,130.0000,119.0000,122.0000,123.9200,5.4600
2026-07-29 15:30:27,130.0000,119.0000,122.0000,124.4000,5.4300
2026-07-29 16:00:32,130.0000,119.0000,122.0000,124.5800,5.3900
2026-07-29 16:30:32,130.0000,119.0000,122.0000,124.2300,5.4100
2026-07-29 17:00:28,130.0000,119.0000,122.0000,124.2400,5.4400
2026-07-29 17:30:28,130.0000,119.0000,122.0000,124.9800,5.4600
2026-07-29 18:00:25,130.0000,119.0000,122.0000,125.0900,5.5500
2026-07-29 18:13:19,130.0000,119.0000,122.0000,125.1900,5.5500
2026-07-29 18:30:30,130.0000,119.0000,122.0000,125.9300,5.3500
2026-07-29 19:00:31,130.0000,119.0000,122.0000,126.4500,5.2100
2026-07-29 19:30:26,130.0000,119.0000,122.0000,125.7700,5.2000
2026-07-29 19:57:33,130.0000,119.0000,122.0000,123.3500,5.1800
2026-07-29 20:00:29,130.0000,119.0000,122.0000,123.0000,5.1700
2026-07-30 13:00:16,130.0000,119.0000,122.0000,122.2100,5.1700
2026-07-30 13:18:23,130.0000,119.0000,122.0000,121.8700,5.1700
2026-07-30 13:30:23,130.0000,119.0000,122.0000,122.0800,5.1700
2026-07-30 14:00:26,130.0000,119.0000,122.0000,122.9000,5.6500
2026-07-30 14:30:32,130.0000,119.0000,122.0000,121.5600,5.2700
2026-07-30 15:00:32,130.0000,119.0000,122.0000,121.1600,5.1400
2026-07-30 15:30:27,130.0000,119.0000,122.0000,120.4000,5.2000
2026-07-30 16:00:27,130.0000,119.0000,122.0000,121.9300,5.1900
2026-07-30 16:30:27,130.0000,119.0000,122.0000,121.9200,4.9900
2026-07-30 17:00:26,130.0000,119.0000,122.0000,121.6100,5.0500
2026-07-30 17:30:27,130.0000,119.0000,122.0000,122.2500,5.0200
2026-07-30 18:00:26,130.0000,119.0000,122.0000,122.3000,4.9200
2026-07-30 18:30:29,130.0000,119.0000,122.0000,122.2700,4.9500
2026-07-30 19:00:28,130.0000,119.0000,122.0000,121.9000,4.9000
2026-07-30 19:30:24,130.0000,119.0000,122.0000,122.2500,4.7700
2026-07-30 20:00:25,130.0000,119.0000,122.0000,122.2900,4.7700
2026-07-31 09:13:59,130.0000,119.0000,122.0000,123.2500,4.5300
2026-07-31 13:00:15,126.0000,119.0000,122.0000,122.5600,4.7800
2026-07-31 13:30:32,126.0000,119.0000,122.0000,122.3300,4.8100
2026-07-31 14:00:30,126.0000,119.0000,122.0000,122.9400,6.4500
2026-07-31 14:30:30,124.0000,119.0000,122.0000,120.9200,5.3800
2026-07-31 15:00:32,124.0000,119.0000,122.0000,120.2200,5.7100
2026-07-31 15:30:24,123.0000,119.0000,122.0000,120.5000,5.5600
2026-07-31 15:46:30,123.0000,119.0000,122.0000,120.3700,5.7200
2026-07-31 15:53:32,123.0000,119.0000,122.0000,120.4900,5.1200
2026-07-31 16:00:29,123.0000,119.0000,122.0000,121.0300,5.3400
2026-07-31 16:30:25,124.0000,119.0000,122.0000,122.0900,4.9900
2026-07-31 17:00:24,124.0000,121.0000,122.0000,122.5200,4.3800
2026-07-31 17:30:26,124.0000,121.0000,122.0000,122.4400,4.5500
2026-07-31 18:00:31,123.0000,121.0000,122.0000,122.4700,5.2000
2026-07-31 18:30:33,123.0000,121.0000,122.0000,122.1500,6.5600
2026-07-31 18:33:08,123.0000,121.0000,122.0000,122.1900,6.5000
2026-07-31 18:36:40,123.0000,121.0000,122.0000,122.1900,6.4700
2026-07-31 19:00:31,123.0000,121.0000,122.0000,122.4300,6.4100
2026-07-31 19:30:29,123.0000,121.0000,122.0000,122.5400,7.8300
2026-07-31 21:21:21,123.0000,119.0000,122.0000,122.9800,8.8900
2026-08-03 08:57:20,130.0000,110.0000,122.0000,122.7800,7.9500
2026-08-03 11:04:03,130.0000,110.0000,122.0000,126.6400,8.1800
2026-08-03 13:00:14,130.0000,110.0000,122.0000,126.5900,8.1800
2026-08-03 13:30:28,130.0000,110.0000,122.0000,126.4700,8.1800
2026-08-03 14:00:30,130.0000,110.0000,122.0000,125.9600,10.3900
2026-08-03 14:30:31,130.0000,110.0000,122.0000,124.6100,10.3300
2026-08-03 15:00:23,130.0000,110.0000,122.0000,125.3400,10.4100
2026-08-03 15:30:19,130.0000,110.0000,122.0000,125.1900,10.4000
2026-08-03 16:00:19,130.0000,110.0000,122.0000,124.8900,10.4200
2026-08-03 16:23:34,130.0000,110.0000,122.0000,125.0300,10.4700
2026-08-03 16:30:22,130.0000,110.0000,122.0000,125.2900,10.4800
2026-08-03 16:44:03,130.0000,110.0000,122.0000,125.6300,10.4600
2026-08-03 17:00:24,130.0000,110.0000,122.0000,125.6000,10.5000
2026-08-03 17:20:51,130.0000,110.0000,122.0000,125.2200,10.5000
2026-08-03 17:29:01,130.0000,110.0000,122.0000,125.6600,10.6100
2026-08-03 17:30:25,130.0000,110.0000,122.0000,125.7300,10.6100
2026-08-03 18:00:23,130.0000,110.0000,122.0000,125.6400,10.5200
2026-08-03 18:10:47,130.0000,110.0000,122.0000,125.5200,10.6500
2026-08-03 18:30:30,130.0000,110.0000,122.0000,125.8100,10.7500
2026-08-03 19:00:32,130.0000,110.0000,122.0000,125.5500,10.8300
2026-08-03 19:30:30,130.0000,110.0000,122.0000,125.8200,10.9400
2026-08-03 20:00:31,130.0000,110.0000,122.0000,125.6900,11.1500
2026-08-04 13:39:32,150.0000,110.0000,122.0000,144.6100,13.1300
2026-08-04 13:48:27,150.0000,110.0000,122.0000,147.8600,8.0600
2026-08-04 14:00:22,160.0000,110.0000,122.0000,151.5600,7.5100
2026-08-04 14:30:20,160.0000,110.0000,122.0000,154.8000,7.0100
2026-08-04 15:00:22,160.0000,110.0000,122.0000,158.9500,7.7400
2026-08-04 15:30:26,160.0000,110.0000,122.0000,159.0300,7.9200
2026-08-04 15:40:23,160.0000,110.0000,122.0000,159.2200,7.7800
2026-08-04 16:00:22,160.0000,110.0000,122.0000,159.4900,7.4600
2026-08-04 16:30:22,165.0000,110.0000,122.0000,160.5600,8.1400
2026-08-04 17:00:19,165.0000,110.0000,122.0000,162.2600,8.2600
2026-08-04 17:30:18,165.0000,110.0000,122.0000,162.5500,8.1000
2026-08-04 18:00:21,165.0000,110.0000,122.0000,162.7200,8.0400
2026-08-04 18:30:25,165.0000,110.0000,122.0000,163.0900,8.0000
2026-08-04 19:00:25,165.0000,110.0000,122.0000,162.6300,8.0200
2026-08-04 19:26:29,165.0000,110.0000,122.0000,163.5600,8.1100
2026-08-04 19:30:26,165.0000,110.0000,122.0000,163.8300,8.1300
2026-08-04 20:00:23,165.0000,110.0000,122.0000,162.6800,7.9200
2026-08-05 08:52:09,165.0000,110.0000,122.0000,160.4000,7.6100
2026-08-05 12:44:26,165.0000,155.0000,157.5000,163.5500,7.6600
2026-08-05 13:00:22,165.0000,155.0000,157.5000,162.8900,7.6500
2026-08-05 13:30:20,165.0000,155.0000,157.5000,162.6600,7.6400
2026-08-05 14:00:20,165.0000,155.0000,157.5000,164.7100,8.2700
2026-08-05 14:30:21,165.0000,155.0000,157.5000,162.5700,7.4600
2026-08-05 14:52:59,165.0000,155.0000,157.5000,161.5600,7.2000
2026-08-05 15:00:26,165.0000,155.0000,157.5000,160.8700,6.9700
2026-08-05 15:30:24,165.0000,155.0000,157.5000,159.2700,6.8400
2026-08-05 16:00:23,165.0000,155.0000,157.5000,160.1200,6.8300
2026-08-05 16:18:20,165.0000,155.0000,157.5000,160.4200,6.7900
2026-08-05 16:30:25,165.0000,155.0000,157.5000,159.9800,6.6700
2026-08-05 17:00:27,165.0000,155.0000,157.5000,160.4900,6.4500
2026-08-05 17:30:22,165.0000,155.0000,157.5000,159.6600,6.4700
2026-08-05 18:00:23,165.0000,155.0000,157.5000,159.1600,6.3400
2026-08-05 18:30:29,165.0000,155.0000,157.5000,160.5500,6.4900
2026-08-05 18:55:25,165.0000,155.0000,157.5000,159.3100,6.3200
2026-08-05 19:00:24,165.0000,155.0000,157.5000,159.2900,6.3300
2026-08-05 19:30:29,165.0000,155.0000,157.5000,159.1600,6.3300
2026-08-05 19:41:51,165.0000,155.0000,157.5000,158.8400,6.3200
2026-08-05 19:54:12,165.0000,155.0000,157.5000,158.5500,6.1800
2026-08-05 20:00:31,165.0000,155.0000,157.5000,159.2200,6.2800
2026-08-06 10:52:19,165.0000,155.0000,157.5000,157.4200,6.2600
2026-08-06 13:00:11,165.0000,155.0000,157.5000,155.5900,6.1500
2026-08-06 13:22:51,165.0000,149.0000,152.5000,154.6100,6.1600
2026-08-06 13:30:24,165.0000,149.0000,152.5000,154.7300,6.1600
2026-08-06 14:00:18,160.0000,149.0000,152.5000,153.1700,6.8400
2026-08-06 14:30:20,160.0000,155.0000,157.5000,156.3400,6.5600
2026-08-06 15:00:21,165.0000,155.0000,157.5000,157.6600,6.7100
2026-08-06 15:30:17,160.0000,155.0000,157.5000,156.7200,6.5100
2026-08-06 16:00:18,160.0000,155.0000,157.5000,157.0500,6.4600
2026-08-06 16:30:17,160.0000,155.0000,157.5000,155.9500,6.2500
2026-08-06 17:00:17,160.0000,149.0000,152.5000,154.7600,6.0800
2026-08-06 17:30:18,160.0000,155.0000,157.5000,155.6900,6.3500
2026-08-06 18:00:18,160.0000,155.0000,157.5000,155.7000,6.1900
2026-08-06 18:30:21,160.0000,155.0000,157.5000,156.2600,6.0900
2026-08-06 19:00:27,160.0000,155.0000,157.5000,155.3700,6.1900
2026-08-06 19:30:25,160.0000,155.0000,157.5000,155.4400,6.0200
2026-08-06 20:00:20,160.0000,155.0000,157.5000,155.8600,6.0100
2026-08-07 11:02:13,160.0000,155.0000,157.5000,157.7000,6.2900
2026-08-07 13:00:11,160.0000,155.0000,157.5000,159.2700,6.3000
2026-08-07 13:30:19,160.0000,155.0000,157.5000,158.6300,6.2600
2026-08-07 14:00:17,165.0000,155.0000,157.5000,164.1000,9.6900
2026-08-07 14:30:24,170.0000,155.0000,157.5000,168.2200,10.3500
2026-08-07 15:00:24,170.0000,155.0000,157.5000,168.9900,8.5900
2026-08-07 15:30:21,170.0000,155.0000,157.5000,169.1200,8.4400
2026-08-07 16:00:29,170.0000,155.0000,157.5000,169.8400,7.9200
2026-08-07 16:30:28,170.0000,155.0000,157.5000,169.6700,8.3700
2026-08-07 17:00:24,170.0000,155.0000,157.5000,169.9500,7.9500
2026-08-07 17:30:21,175.0000,155.0000,157.5000,170.5900,6.7900
2026-08-07 18:00:21,175.0000,155.0000,157.5000,171.1300,8.2900
2026-08-07 18:30:24,175.0000,155.0000,157.5000,170.5000,8.2600
2026-08-07 19:00:24,175.0000,155.0000,157.5000,170.2100,6.9500
2026-08-07 19:30:26,172.5000,155.0000,157.5000,170.8200,9.0200
2026-08-07 20:00:27,172.5000,155.0000,157.5000,170.8600,10.0500
2026-08-10 04:00:12,180.0000,125.0000,142.0000,171.8100,5.4700
2026-08-10 05:09:07,180.0000,125.0000,142.0000,171.8100,5.4700
2026-08-10 08:09:43,180.0000,125.0000,142.0000,171.8100,5.4700
2026-08-10 10:27:19,170.0000,125.0000,145.0000,169.7500,5.3900
2026-08-10 13:00:12,170.0000,125.0000,145.0000,168.9000,5.3700
2026-08-10 13:30:24,170.0000,125.0000,145.0000,169.0500,5.3700
2026-08-10 14:00:25,180.0000,125.0000,145.0000,176.4300,6.1600
2026-08-10 14:23:30,180.0000,125.0000,145.0000,175.8000,6.0100
2026-08-10 14:30:24,180.0000,125.0000,145.0000,176.6300,6.0800
2026-08-10 15:00:24,180.0000,125.0000,145.0000,179.4300,6.1300
2026-08-10 15:12:02,180.0000,125.0000,145.0000,178.7500,6.1000
2026-08-10 15:30:33,180.0000,125.0000,145.0000,178.7500,6.1200
2026-08-10 16:00:26,180.0000,125.0000,145.0000,178.6700,6.0500
2026-08-10 16:30:25,180.0000,125.0000,145.0000,178.3800,5.9800
2026-08-10 17:00:36,180.0000,125.0000,145.0000,176.8700,5.8300
2026-08-10 17:30:28,180.0000,125.0000,145.0000,178.0500,5.9100
2026-08-10 18:00:22,180.0000,125.0000,145.0000,177.2900,5.8300
2026-08-10 18:12:42,180.0000,125.0000,145.0000,176.8600,5.7900
2026-08-10 18:30:27,180.0000,125.0000,145.0000,175.8200,5.7300
2026-08-10 19:00:23,180.0000,125.0000,145.0000,175.8400,5.7000
2026-08-10 19:30:21,180.0000,125.0000,145.0000,176.1600,5.6600
2026-08-10 19:33:37,180.0000,125.0000,145.0000,175.8000,5.6400
2026-08-10 20:00:25,180.0000,125.0000,145.0000,175.5300,5.6600
2026-08-11 05:18:09,180.0000,125.0000,145.0000,172.9500,5.5500
2026-08-11 13:00:13,180.0000,167.5000,170.0000,172.6500,5.5400
2026-08-11 13:30:31,180.0000,167.5000,170.0000,172.7200,5.5400
2026-08-11 14:00:35,180.0000,167.5000,170.0000,174.7000,5.6800
2026-08-11 14:30:33,180.0000,167.5000,170.0000,175.9800,5.5300
2026-08-11 15:00:32,180.0000,167.5000,170.0000,176.9500,5.5000
2026-08-11 15:30:29,180.0000,167.5000,170.0000,174.9100,5.3700
2026-08-11 16:00:25,180.0000,167.5000,170.0000,174.0000,5.3200
2026-08-11 16:30:22,180.0000,167.5000,170.0000,174.3600,5.3300
2026-08-11 17:00:21,180.0000,167.5000,170.0000,174.4700,5.3600
2026-08-11 17:30:22,180.0000,167.5000,170.0000,175.5400,5.4300
2026-08-11 18:00:26,180.0000,167.5000,170.0000,176.0800,5.4600
2026-08-11 18:30:29,180.0000,167.5000,170.0000,175.6800,5.4100
2026-08-11 19:00:29,180.0000,167.5000,170.0000,175.0600,5.3400
2026-08-11 19:30:27,180.0000,167.5000,170.0000,175.5300,5.3400
2026-08-11 20:00:28,180.0000,167.5000,170.0000,175.4700,5.3300
2026-08-12 05:12:21,180.0000,167.5000,170.0000,174.3200,5.3000
2026-08-12 10:19:54,180.0000,167.5000,170.0000,172.5100,5.2800
2026-08-12 13:00:10,180.0000,167.5000,170.0000,171.5400,5.2500
2026-08-12 13:30:24,180.0000,167.5000,170.0000,172.2600,5.2700
2026-08-12 14:00:30,180.0000,167.5000,170.0000,170.6500,5.1800
2026-08-12 14:30:31,180.0000,167.5000,170.0000,170.7000,5.1100
2026-08-12 15:00:30,170.0000,167.5000,170.0000,168.4300,5.0200
2026-08-12 15:11:26,170.0000,167.5000,170.0000,168.8900,5.0500
2026-08-12 15:30:34,170.0000,167.5000,170.0000,169.3500,5.0400
2026-08-12 16:00:34,170.0000,167.5000,170.0000,169.9000,4.9900
2026-08-12 16:30:33,180.0000,167.5000,170.0000,170.7000,4.9700
2026-08-12 17:00:28,180.0000,167.5000,170.0000,171.4400,4.9700
2026-08-12 17:30:25,180.0000,167.5000,170.0000,172.0600,5.0700
2026-08-12 18:00:23,180.0000,167.5000,170.0000,172.4400,5.0700
2026-08-12 18:30:23,180.0000,167.5000,170.0000,172.4500,5.0600
2026-08-12 19:00:26,180.0000,167.5000,170.0000,170.4200,5.0200
2026-08-12 19:30:27,180.0000,167.5000,170.0000,171.0900,5.0700
2026-08-12 20:00:28,180.0000,167.5000,170.0000,171.3500,5.0300
2026-08-13 07:51:52,180.0000,167.5000,170.0000,170.0400,4.9800
2026-08-13 13:00:14,180.0000,167.5000,170.0000,171.6700,5.0000
2026-08-13 13:30:24,180.0000,167.5000,170.0000,172.2000,5.0100
2026-08-13 14:00:19,180.0000,167.5000,170.0000,173.8900,5.0500
2026-08-13 14:30:22,180.0000,167.5000,170.0000,176.2200,5.1400
2026-08-13 15:00:25,180.0000,167.5000,170.0000,174.6100,5.0000
2026-08-13 15:30:24,180.0000,167.5000,170.0000,173.8400,4.8800
2026-08-13 16:00:25,180.0000,167.5000,170.0000,174.7500,4.9700
2026-08-13 16:30:28,180.0000,167.5000,170.0000,175.1200,5.0000
2026-08-13 17:00:25,180.0000,167.5000,170.0000,175.0800,4.9300
2026-08-13 17:30:20,180.0000,167.5000,170.0000,175.8000,4.9400
2026-08-13 18:00:23,180.0000,167.5000,170.0000,176.3800,5.0200
2026-08-13 18:11:13,180.0000,167.5000,170.0000,176.3800,4.9600
2026-08-13 18:30:31,180.0000,167.5000,170.0000,176.0700,5.0000
2026-08-13 19:00:30,180.0000,167.5000,170.0000,178.3400,5.2700
2026-08-13 19:30:29,180.0000,167.5000,170.0000,178.6500,5.2700
2026-08-13 20:00:30,180.0000,167.5000,170.0000,179.8400,5.4300
2026-08-14 06:54:16,180.0000,167.5000,170.0000,178.2400,5.3300
2026-08-14 13:00:10,180.0000,167.5000,170.0000,178.3700,5.3300
2026-08-14 13:30:22,180.0000,167.5000,170.0000,178.4900,5.3300
2026-08-14 14:00:21,180.0000,167.5000,170.0000,178.8300,5.2600
2026-08-14 14:30:18,180.0000,167.5000,170.0000,177.1600,5.0100
2026-08-14 15:00:23,180.0000,167.5000,170.0000,176.7000,4.9200
2026-08-14 15:30:27,180.0000,167.5000,170.0000,176.6900,4.8000
2026-08-14 16:00:22,180.0000,167.5000,170.0000,177.4400,4.8300
2026-08-14 16:30:22,180.0000,167.5000,170.0000,177.4300,4.7800
2026-08-14 17:00:27,180.0000,167.5000,170.0000,176.9000,4.7000
2026-08-14 17:30:27,180.0000,167.5000,170.0000,176.9000,4.7400
2026-08-14 18:00:22,180.0000,167.5000,170.0000,176.8900,4.7100
2026-08-14 18:30:20,180.0000,167.5000,170.0000,176.0900,4.7500
2026-08-14 19:00:23,180.0000,167.5000,170.0000,174.9700,4.6500
2026-08-14 19:30:26,180.0000,167.5000,170.0000,174.8300,4.6300
2026-08-14 20:00:23,180.0000,167.5000,170.0000,174.5300,4.5700
2026-08-17 04:00:11,180.0000,167.5000,170.0000,173.9700,4.5800
2026-08-17 05:07:26,180.0000,167.5000,170.0000,173.9700,4.5800
2026-08-17 13:15:25,180.0000,167.5000,175.0000,173.1100,4.5900
2026-08-17 15:00:10,180.0000,167.5000,175.0000,174.5700,5.4200
2026-08-17 15:30:27,180.0000,167.5000,175.0000,175.7900,5.5000
2026-08-17 16:00:27,180.0000,167.5000,175.0000,175.8700,5.5700
2026-08-17 16:30:27,180.0000,167.5000,175.0000,174.9700,5.3700
2026-08-17 17:00:26,180.0000,167.5000,175.0000,173.8500,5.3700
2026-08-17 17:30:21,180.0000,167.5000,175.0000,173.7900,5.2900
2026-08-17 18:00:26,180.0000,167.5000,175.0000,173.6600,5.4800
2026-08-17 18:30:27,180.0000,167.5000,175.0000,173.7100,5.3400
2026-08-17 19:00:25,180.0000,167.5000,175.0000,173.5100,5.3700
2026-08-17 19:30:22,180.0000,167.5000,175.0000,173.7300,5.4300
2026-08-17 20:00:23,180.0000,167.5000,175.0000,173.1100,5.4600
2026-08-18 04:59:33,180.0000,167.5000,170.0000,171.5000,5.3300
2026-08-18 07:40:18,180.0000,167.5000,170.0000,171.5000,5.3300
2026-08-18 13:00:12,180.0000,167.5000,175.0000,171.5400,5.3200
2026-08-18 13:30:27,180.0000,167.5000,175.0000,172.1000,5.3300
2026-08-18 14:00:23,180.0000,167.5000,175.0000,173.2500,5.8900
2026-08-18 14:30:24,180.0000,167.5000,175.0000,172.8500,5.6900
2026-08-18 15:00:32,180.0000,167.5000,175.0000,172.2900,5.6000
2026-08-18 15:30:28,180.0000,167.5000,175.0000,171.3800,5.6300
2026-08-18 16:00:22,180.0000,167.5000,175.0000,171.8400,5.5100
2026-08-18 16:30:22,180.0000,167.5000,175.0000,172.5700,5.4700
2026-08-18 17:00:23,180.0000,167.5000,175.0000,172.6200,5.5100
2026-08-18 17:30:20,180.0000,167.5000,175.0000,172.6900,5.5200
2026-08-18 18:00:18,180.0000,167.5000,175.0000,173.0900,5.5100
2026-08-18 18:30:18,180.0000,167.5000,175.0000,173.1300,5.4900
2026-08-18 19:00:25,180.0000,167.5000,175.0000,172.5900,5.4800
