time,open,high,low,close,volume
2026-05-11 17:00:34,720.0000,690.0000,707.0000,713.1300,11.4700
2026-05-11 17:30:33,720.0000,690.0000,707.0000,712.3800,11.4900
2026-05-11 18:00:26,720.0000,690.0000,707.0000,714.3000,11.4300
2026-05-11 18:30:29,720.0000,690.0000,707.0000,714.1400,11.5700
2026-05-11 19:00:35,720.0000,690.0000,707.0000,713.5100,11.5900
2026-05-11 19:30:34,720.0000,690.0000,707.0000,712.9900,11.6000
2026-05-11 20:00:33,720.0000,690.0000,707.0000,712.2600,11.6300
2026-05-12 09:38:35,720.0000,690.0000,707.0000,707.9700,12.0400
2026-05-12 12:18:20,720.0000,690.0000,707.0000,707.2500,12.0500
2026-05-12 13:00:16,720.0000,690.0000,707.0000,708.1500,12.0400
2026-05-12 13:30:30,720.0000,690.0000,707.0000,708.2300,11.9100
2026-05-12 14:00:31,720.0000,690.0000,712.0000,709.6300,11.2700
2026-05-12 14:22:57,720.0000,690.0000,707.0000,706.4200,11.9100
2026-05-12 14:30:32,720.0000,690.0000,707.0000,707.5900,11.7900
2026-05-12 14:37:05,720.0000,690.0000,707.0000,708.2100,11.8800
2026-05-12 15:00:38,720.0000,690.0000,704.0000,704.7100,11.5900
2026-05-12 15:30:35,720.0000,690.0000,701.0000,701.8400,11.5900
2026-05-12 16:00:30,720.0000,690.0000,701.0000,701.3200,11.4700
2026-05-12 16:30:30,720.0000,690.0000,701.0000,700.5900,11.4000
2026-05-12 16:52:38,720.0000,690.0000,701.0000,698.9300,11.3700
2026-05-12 17:00:35,720.0000,690.0000,701.0000,697.7400,11.4400
2026-05-12 17:30:32,720.0000,690.0000,701.0000,699.0900,11.3700
2026-05-12 17:32:27,720.0000,690.0000,701.0000,699.3100,11.5100
2026-05-12 18:00:32,720.0000,690.0000,701.0000,700.6600,11.3800
2026-05-12 18:30:33,720.0000,690.0000,701.0000,701.7700,11.4100
2026-05-12 19:00:30,720.0000,690.0000,703.0000,702.6300,11.5600
2026-05-12 19:30:30,720.0000,690.0000,704.0000,704.1800,11.2200
2026-05-12 20:00:29,720.0000,690.0000,707.0000,706.1200,11.1300
2026-05-13 09:16:45,720.0000,690.0000,708.0000,713.0200,10.4500
2026-05-13 09:32:08,720.0000,690.0000,708.0000,712.3500,10.4900
2026-05-13 10:42:00,720.0000,690.0000,708.0000,712.7800,10.4500
2026-05-13 13:00:14,710.0000,690.0000,708.0000,707.9600,10.0500
2026-05-13 13:30:29,720.0000,690.0000,708.0000,710.0400,9.9900
2026-05-13 14:00:37,720.0000,690.0000,708.0000,707.7800,12.6100
2026-05-13 14:30:38,720.0000,690.0000,708.0000,706.7100,12.7000
2026-05-13 15:00:32,720.0000,690.0000,708.0000,709.5000,12.4600
2026-05-13 15:15:10,720.0000,690.0000,708.0000,710.6200,11.1800
2026-05-13 15:24:37,720.0000,690.0000,708.0000,710.9100,11.5100
2026-05-13 15:30:33,720.0000,690.0000,708.0000,710.8900,11.1400
2026-05-13 15:46:50,720.0000,690.0000,708.0000,710.3400,12.0800
2026-05-13 15:50:21,720.0000,690.0000,708.0000,710.7100,12.3000
2026-05-13 15:56:35,720.0000,690.0000,708.0000,711.4100,11.7400
2026-05-13 16:00:33,720.0000,690.0000,708.0000,711.9500,11.7700
2026-05-13 16:21:04,720.0000,690.0000,708.0000,711.6400,12.2900
2026-05-13 16:24:02,720.0000,690.0000,708.0000,711.5800,11.4200
2026-05-13 16:29:27,720.0000,690.0000,708.0000,712.1600,11.9200
2026-05-13 16:30:43,720.0000,690.0000,708.0000,712.5400,11.5300
2026-05-13 16:32:18,720.0000,690.0000,708.0000,712.3500,12.4000
2026-05-13 16:44:06,720.0000,690.0000,708.0000,713.6400,12.1800
2026-05-13 16:46:07,720.0000,690.0000,708.0000,713.7400,11.9600
2026-05-13 16:49:26,720.0000,690.0000,708.0000,713.7000,11.8400
2026-05-13 16:55:21,720.0000,690.0000,708.0000,713.6500,12.3800
2026-05-13 17:00:32,720.0000,690.0000,708.0000,713.5500,12.6300
2026-05-13 17:18:59,720.0000,690.0000,708.0000,714.3500,11.1700
2026-05-13 17:22:00,720.0000,690.0000,708.0000,714.8300,10.5100
2026-05-13 17:30:34,720.0000,690.0000,708.0000,714.9400,10.8000
2026-05-13 17:35:59,720.0000,690.0000,708.0000,714.7200,12.0500
2026-05-13 18:00:32,720.0000,690.0000,708.0000,714.6500,11.1900
2026-05-13 18:30:31,720.0000,690.0000,708.0000,715.5100,10.8900
2026-05-13 19:00:31,720.0000,690.0000,708.0000,715.5700,12.7200
2026-05-13 19:30:31,720.0000,690.0000,708.0000,715.7100,11.1500
2026-05-13 20:00:33,720.0000,690.0000,708.0000,715.7600,11.6700
2026-05-13 20:14:52,720.0000,690.0000,708.0000,714.6900,10.3500
2026-05-14 06:35:24,720.0000,690.0000,708.0000,718.2900,10.3000
2026-05-14 10:21:34,720.0000,700.0000,715.0000,716.4200,10.4000
2026-05-14 12:46:17,720.0000,700.0000,715.0000,716.6100,10.4100
2026-05-14 13:00:54,720.0000,700.0000,715.0000,715.6400,10.2200
2026-05-14 13:30:46,720.0000,700.0000,715.0000,714.5600,10.1900
2026-05-14 14:00:32,720.0000,700.0000,715.0000,718.7200,13.3200
2026-05-14 14:30:31,720.0000,700.0000,715.0000,717.1800,14.9300
2026-05-14 14:54:14,720.0000,700.0000,715.0000,719.4000,14.5100
2026-05-14 15:00:33,720.0000,700.0000,715.0000,719.8200,15.0900
2026-05-14 15:30:34,725.0000,700.0000,715.0000,720.9800,14.9200
2026-05-14 16:00:34,725.0000,700.0000,715.0000,721.3000,14.3300
2026-05-14 16:30:34,725.0000,700.0000,715.0000,721.4400,14.7900
2026-05-14 17:00:34,725.0000,700.0000,715.0000,720.6500,14.8000
2026-05-14 17:30:34,720.0000,700.0000,715.0000,719.2400,14.4700
2026-05-14 18:00:33,725.0000,700.0000,715.0000,720.1800,11.9900
2026-05-14 18:30:30,720.0000,700.0000,715.0000,719.6900,14.3400
2026-05-14 19:00:30,720.0000,700.0000,715.0000,719.5000,13.1900
2026-05-14 19:30:33,725.0000,700.0000,715.0000,720.0900,14.5000
2026-05-14 20:00:34,725.0000,700.0000,715.0000,720.5800,14.0300
2026-05-15 10:00:39,722.0000,700.0000,712.0000,708.6500,13.5400
2026-05-15 10:02:36,722.0000,700.0000,712.0000,708.3000,13.6000
2026-05-15 10:52:44,722.0000,710.0000,712.0000,710.1000,13.4600
2026-05-15 13:00:17,722.0000,700.0000,712.0000,707.9200,13.5900
2026-05-15 13:02:36,722.0000,700.0000,712.0000,707.1500,14.0400
2026-05-15 13:30:32,722.0000,700.0000,712.0000,707.6500,13.9700
2026-05-15 14:00:33,722.0000,700.0000,712.0000,707.3700,21.1700
2026-05-15 14:30:35,722.0000,710.0000,712.0000,710.7100,17.8200
2026-05-15 15:00:35,722.0000,710.0000,712.0000,711.8700,17.5100
2026-05-15 15:30:34,722.0000,710.0000,712.0000,710.1100,17.6000
2026-05-15 16:00:35,722.0000,710.0000,712.0000,710.0900,22.0800
2026-05-15 16:30:34,722.0000,710.0000,712.0000,710.3000,17.5400
2026-05-15 16:43:53,722.0000,710.0000,712.0000,711.3300,15.4700
2026-05-15 17:00:38,722.0000,710.0000,712.0000,711.7400,15.6700
2026-05-15 17:30:07,712.0000,710.0000,712.0000,711.7700,15.7600
2026-05-15 17:31:20,712.0000,710.0000,712.0000,711.9200,16.9300
2026-05-15 18:00:30,720.0000,710.0000,712.0000,713.7800,21.9500
2026-05-15 18:30:32,720.0000,714.0000,712.0000,714.7900,21.3700
2026-05-15 19:00:31,722.0000,710.0000,712.0000,712.2800,23.8100
2026-05-15 19:30:27,712.0000,710.0000,712.0000,711.2300,28.9500
2026-05-15 20:00:28,712.0000,710.0000,712.0000,710.6000,32.6900
2026-05-18 13:00:16,720.0000,700.0000,712.0000,710.8900,10.5300
2026-05-18 13:30:31,720.0000,700.0000,712.0000,712.5000,10.5500
2026-05-18 14:00:29,720.0000,700.0000,707.0000,706.9500,11.1100
2026-05-18 14:30:31,720.0000,700.0000,709.0000,709.7700,10.7900
2026-05-18 15:00:33,720.0000,700.0000,706.0000,705.5400,10.7400
2026-05-18 15:30:27,720.0000,700.0000,706.0000,704.8400,10.6800
2026-05-18 16:00:19,720.0000,700.0000,706.0000,703.7200,10.7600
2026-05-18 16:30:24,720.0000,700.0000,706.0000,703.7400,10.6400
2026-05-18 17:00:28,720.0000,700.0000,699.0000,701.4000,10.5900
2026-05-18 17:30:24,720.0000,700.0000,706.0000,703.3900,10.5300
2026-05-18 18:00:28,720.0000,700.0000,706.0000,703.8100,10.4500
2026-05-18 18:30:31,720.0000,700.0000,699.0000,701.5400,10.5400
2026-05-18 19:00:31,720.0000,700.0000,699.0000,700.2000,10.5100
2026-05-18 19:30:31,720.0000,700.0000,699.0000,702.4400,10.4300
2026-05-18 20:00:29,720.0000,700.0000,706.0000,704.5100,10.4200
2026-05-19 13:00:15,715.0000,700.0000,703.0000,701.6200,12.0800
2026-05-19 13:30:30,715.0000,700.0000,699.0000,700.4300,12.0600
2026-05-19 14:00:31,715.0000,700.0000,703.0000,701.4700,12.9900
2026-05-19 14:30:33,715.0000,685.0000,698.0000,696.8800,12.7300
2026-05-19 15:00:31,715.0000,685.0000,698.0000,697.2800,12.4100
2026-05-19 15:30:30,715.0000,685.0000,699.0000,699.6100,12.2500
2026-05-19 16:00:32,715.0000,700.0000,699.0000,700.0100,12.1700
2026-05-19 16:30:36,715.0000,685.0000,699.0000,699.2500,12.2800
2026-05-19 17:00:36,715.0000,700.0000,703.0000,703.2300,12.1600
2026-05-19 17:30:33,715.0000,705.0000,706.0000,705.4200,12.2200
2026-05-19 18:00:32,715.0000,705.0000,706.0000,705.6000,12.0600
2026-05-19 18:30:31,715.0000,705.0000,706.0000,705.4200,12.2000
2026-05-19 19:00:27,715.0000,700.0000,703.0000,703.8200,12.3400
2026-05-19 19:30:27,715.0000,700.0000,706.0000,704.5900,12.0000
2026-05-19 20:00:31,715.0000,700.0000,703.0000,701.7300,11.9000
2026-05-26 09:19:03,730.0000,705.0000,719.0000,723.8200,8.8800
2026-05-26 10:22:10,730.0000,705.0000,719.0000,724.8900,8.8700
2026-05-26 13:00:12,730.0000,705.0000,719.0000,726.2200,8.8800
2026-05-26 13:30:26,730.0000,705.0000,719.0000,726.4500,8.7700
2026-05-26 14:00:29,730.0000,705.0000,719.0000,726.8100,11.2700
2026-05-26 14:30:33,730.0000,705.0000,719.0000,728.9000,11.8700
2026-05-26 15:00:31,740.0000,705.0000,719.0000,730.7300,12.7500
2026-05-26 15:30:30,730.0000,705.0000,719.0000,729.1200,11.9600
2026-05-26 16:00:26,730.0000,705.0000,719.0000,727.7000,12.0900
2026-05-26 16:30:24,730.0000,705.0000,719.0000,727.1600,12.0000
2026-05-26 17:00:30,730.0000,705.0000,719.0000,727.4800,12.2300
2026-05-26 17:30:29,730.0000,705.0000,719.0000,727.9500,12.2800
2026-05-26 18:00:30,730.0000,705.0000,719.0000,728.0400,11.9600
2026-05-26 18:30:31,730.0000,705.0000,719.0000,728.9600,11.6600
2026-05-26 19:00:30,730.0000,705.0000,719.0000,729.1200,12.0700
2026-05-26 19:30:30,730.0000,705.0000,719.0000,729.5000,12.0600
2026-05-26 20:00:32,740.0000,705.0000,719.0000,730.4700,12.3000
2026-05-27 11:55:26,740.0000,705.0000,730.0000,735.3500,11.8000
2026-05-27 13:00:10,740.0000,705.0000,730.0000,736.2200,11.7800
2026-05-27 13:30:24,740.0000,705.0000,730.0000,733.7400,11.7900
2026-05-27 14:00:30,730.0000,705.0000,730.0000,727.7800,13.4700
2026-05-27 14:30:31,730.0000,705.0000,730.0000,728.7900,12.8300
2026-05-27 15:00:33,730.0000,705.0000,730.0000,727.9600,12.7100
2026-05-27 15:30:29,730.0000,705.0000,725.0000,726.6800,12.5400
2026-05-27 16:00:23,730.0000,705.0000,725.0000,726.1200,12.5300
2026-05-27 16:30:25,730.0000,705.0000,730.0000,728.2300,12.3600
2026-05-27 17:00:28,730.0000,705.0000,730.0000,729.1400,12.4900
2026-05-27 17:30:31,730.0000,705.0000,725.0000,726.3900,11.6400
2026-05-27 18:00:31,730.0000,705.0000,725.0000,727.2000,12.0100
2026-05-27 18:30:29,730.0000,705.0000,730.0000,728.0000,12.1400
2026-05-27 19:00:28,730.0000,705.0000,730.0000,729.6900,12.0100
2026-05-27 19:30:27,730.0000,705.0000,730.0000,729.4200,11.8800
2026-05-27 20:00:28,730.0000,728.0000,730.0000,729.8200,11.2200
2026-05-28 09:08:05,730.0000,705.0000,729.0000,727.6800,11.5000
2026-05-28 13:00:12,730.0000,728.0000,729.0000,728.8000,11.6100
2026-05-28 13:30:27,730.0000,728.0000,729.0000,729.2800,11.6200
2026-05-28 14:00:31,730.0000,705.0000,726.0000,727.3400,11.5200
2026-05-28 14:30:30,740.0000,728.0000,729.0000,732.1700,10.3700
2026-05-28 15:00:28,740.0000,728.0000,729.0000,732.4200,10.3600
2026-05-28 15:30:29,740.0000,728.0000,729.0000,733.6700,13.6400
2026-05-28 15:34:56,740.0000,728.0000,729.0000,733.9200,12.8500
2026-05-28 15:45:44,740.0000,728.0000,729.0000,734.9300,12.2200
2026-05-28 15:48:08,740.0000,728.0000,729.0000,734.8900,10.5200
2026-05-28 16:00:25,740.0000,728.0000,729.0000,734.6600,13.7400
2026-05-28 16:30:27,740.0000,728.0000,729.0000,734.9500,11.9900
2026-05-28 16:59:11,740.0000,728.0000,729.0000,735.7300,11.3300
2026-05-28 17:00:24,740.0000,728.0000,729.0000,735.7500,11.9400
2026-05-28 17:30:28,740.0000,728.0000,729.0000,736.0200,13.8500
2026-05-28 18:00:31,740.0000,728.0000,729.0000,736.1400,11.3400
2026-05-28 18:30:27,740.0000,728.0000,729.0000,735.7500,13.6000
2026-05-28 19:00:26,740.0000,728.0000,729.0000,735.6000,12.5900
2026-05-28 19:20:57,740.0000,728.0000,729.0000,735.6400,10.9700
2026-05-28 19:30:28,740.0000,728.0000,729.0000,735.2100,14.0100
2026-05-28 20:00:30,740.0000,728.0000,729.0000,735.6700,14.3100
2026-05-29 05:44:50,740.0000,728.0000,729.0000,735.5600,9.7300
2026-05-29 08:47:44,740.0000,728.0000,729.0000,735.5600,9.7300
2026-05-29 13:00:15,740.0000,728.0000,735.0000,736.0100,9.6500
2026-05-29 13:30:32,740.0000,728.0000,735.0000,736.9100,9.3500
2026-05-29 14:00:26,740.0000,733.0000,735.0000,739.3200,19.2700
2026-05-29 14:30:24,745.0000,733.0000,735.0000,740.2200,19.3800
2026-05-29 15:00:31,740.0000,728.0000,735.0000,735.5800,22.7400
2026-05-29 15:30:29,740.0000,733.0000,735.0000,739.2000,14.4400
2026-05-29 16:00:26,740.0000,733.0000,735.0000,737.6900,20.0300
2026-05-29 16:30:29,740.0000,733.0000,735.0000,739.3500,16.0800
2026-05-29 17:00:27,740.0000,733.0000,735.0000,738.9500,20.8500
2026-05-29 17:30:23,740.0000,733.0000,735.0000,738.4100,16.4200
2026-05-29 18:00:21,740.0000,733.0000,735.0000,737.0400,28.6500
2026-05-29 18:30:21,740.0000,733.0000,735.0000,737.1000,26.4100
2026-05-29 19:00:29,740.0000,733.0000,735.0000,738.0300,22.2800
2026-05-29 19:30:30,740.0000,733.0000,735.0000,737.3800,33.4100
2026-05-29 20:00:31,740.0000,733.0000,735.0000,739.1400,34.5400
2026-06-01 04:00:10,753.0000,700.0000,734.0000,737.6500,9.2900
2026-06-01 07:35:38,753.0000,700.0000,734.0000,737.6500,9.2900
2026-06-01 13:00:09,753.0000,700.0000,738.0000,740.2000,9.1600
2026-06-01 13:30:21,753.0000,700.0000,736.0000,736.9100,9.1700
2026-06-01 14:00:21,753.0000,700.0000,738.0000,739.2700,10.6100
2026-06-01 14:27:47,745.0000,700.0000,738.0000,737.2600,10.5900
2026-06-01 14:30:27,745.0000,700.0000,738.0000,737.7700,10.5100
2026-06-01 15:00:24,753.0000,700.0000,738.0000,739.0200,10.5800
2026-06-01 15:30:24,753.0000,700.0000,738.0000,739.7700,10.5400
2026-06-01 15:41:46,753.0000,700.0000,738.0000,740.3400,10.7300
2026-06-01 16:00:22,753.0000,700.0000,738.0000,741.9100,10.7800
2026-06-01 16:30:22,753.0000,700.0000,738.0000,740.7200,10.6700
2026-06-01 17:00:23,753.0000,700.0000,738.0000,741.7300,10.5900
2026-06-01 17:28:36,753.0000,700.0000,738.0000,742.3800,10.5500
2026-06-01 17:30:23,753.0000,700.0000,738.0000,742.3000,10.6000
2026-06-01 18:00:25,753.0000,700.0000,738.0000,744.9000,10.4700
2026-06-01 18:30:29,753.0000,700.0000,738.0000,744.1800,10.8800
2026-06-01 19:00:27,753.0000,700.0000,738.0000,744.3300,10.6800
2026-06-01 19:30:30,753.0000,700.0000,738.0000,744.3700,10.6200
2026-06-01 20:00:26,753.0000,700.0000,738.0000,743.0700,10.7500
2026-06-02 10:56:07,753.0000,707.0000,741.0000,742.0000,10.9000
2026-06-02 13:00:15,753.0000,707.0000,743.0000,742.4500,10.8200
2026-06-02 13:30:28,753.0000,707.0000,741.0000,740.9600,10.9000
2026-06-02 14:00:29,753.0000,707.0000,741.0000,741.2200,10.1900
2026-06-02 14:30:33,753.0000,742.0000,743.0000,744.3500,11.3200
2026-06-02 15:00:31,753.0000,742.0000,743.0000,744.0400,10.8300
2026-06-02 15:30:25,753.0000,742.0000,743.0000,744.7300,11.2700
2026-06-02 16:00:25,753.0000,742.0000,743.0000,745.3100,11.5500
2026-06-02 16:30:27,753.0000,742.0000,743.0000,746.0600,11.4300
2026-06-02 17:00:27,753.0000,742.0000,743.0000,744.8800,11.1600
2026-06-02 17:30:30,753.0000,742.0000,743.0000,745.8000,11.2200
2026-06-02 18:00:29,753.0000,742.0000,743.0000,744.1900,11.6800
2026-06-02 18:30:25,753.0000,742.0000,743.0000,744.7800,11.1800
2026-06-02 19:00:29,753.0000,742.0000,743.0000,744.0100,11.2400
2026-06-02 19:30:33,753.0000,742.0000,743.0000,745.4800,10.3500
2026-06-02 20:00:33,753.0000,742.0000,743.0000,745.5900,10.5600
2026-06-03 04:54:46,753.0000,742.0000,743.0000,746.0600,11.1000
2026-06-03 13:00:09,753.0000,740.0000,747.0000,746.5900,10.9700
2026-06-03 13:30:22,753.0000,740.0000,747.0000,746.8300,10.9900
2026-06-03 14:00:21,753.0000,740.0000,745.0000,745.1000,12.0600
2026-06-03 14:30:20,753.0000,740.0000,745.0000,745.3400,11.4700
2026-06-03 15:00:27,753.0000,740.0000,747.0000,746.1100,12.1700
2026-06-03 15:30:25,753.0000,740.0000,745.0000,745.7400,11.9500
2026-06-03 16:00:19,753.0000,740.0000,744.0000,743.6600,12.3000
2026-06-03 16:30:22,753.0000,740.0000,744.0000,743.9200,11.6200
2026-06-03 17:00:27,753.0000,740.0000,741.0000,741.6200,12.0600
2026-06-03 17:30:29,753.0000,740.0000,741.0000,742.2700,12.2000
2026-06-03 18:00:31,753.0000,740.0000,744.0000,743.8800,11.2800
2026-06-03 18:30:34,753.0000,740.0000,744.0000,743.9300,11.0200
2026-06-03 19:00:33,753.0000,740.0000,745.0000,744.9300,10.3900
2026-06-03 19:30:33,753.0000,740.0000,744.0000,744.3600,10.5000
2026-06-03 20:00:32,753.0000,740.0000,745.0000,745.5800,10.3600
2026-06-04 10:47:23,750.0000,715.0000,733.0000,735.8800,10.9900
2026-06-04 13:00:16,750.0000,715.0000,733.0000,735.9600,10.9900
2026-06-04 13:30:33,750.0000,715.0000,733.0000,736.2400,10.9600
2026-06-04 14:00:33,750.0000,715.0000,733.0000,734.1600,10.5500
2026-06-04 14:30:29,750.0000,715.0000,733.0000,735.9800,10.2000
2026-06-04 15:00:27,750.0000,715.0000,733.0000,736.2500,10.1000
2026-06-04 15:30:25,750.0000,715.0000,733.0000,739.7800,10.0600
2026-06-04 16:00:26,750.0000,715.0000,733.0000,739.0000,9.9100
2026-06-04 16:30:29,750.0000,715.0000,733.0000,739.6900,10.0100
2026-06-04 17:00:25,750.0000,715.0000,733.0000,740.7200,10.0300
2026-06-04 17:30:25,750.0000,715.0000,733.0000,740.7700,10.0200
2026-06-04 18:00:30,750.0000,715.0000,733.0000,741.7700,10.0200
2026-06-04 18:30:32,750.0000,715.0000,733.0000,743.2000,9.9000
2026-06-04 19:00:31,750.0000,715.0000,733.0000,742.6600,9.9600
2026-06-04 19:30:27,750.0000,715.0000,733.0000,742.3600,9.7900
2026-06-04 20:00:23,750.0000,715.0000,733.0000,742.2200,9.7000
2026-06-05 09:31:14,750.0000,715.0000,733.0000,734.3500,10.1100
2026-06-05 13:00:11,750.0000,715.0000,730.0000,731.4000,10.2800
2026-06-05 13:30:25,750.0000,715.0000,730.0000,730.0000,10.2800
2026-06-05 14:00:31,750.0000,715.0000,729.0000,727.5600,10.3400
2026-06-05 14:30:32,750.0000,715.0000,729.0000,726.1000,10.6300
2026-06-05 15:00:32,750.0000,715.0000,729.0000,725.6700,10.6000
2026-06-05 15:30:27,750.0000,715.0000,722.0000,722.9200,10.8200
2026-06-05 16:00:24,750.0000,715.0000,722.0000,721.0300,10.9900
2026-06-05 16:30:26,750.0000,684.0000,718.0000,719.7200,11.5700
2026-06-05 17:00:29,750.0000,684.0000,714.0000,715.0800,12.3300
2026-06-05 17:30:28,750.0000,684.0000,714.0000,714.4700,12.0400
2026-06-05 18:00:21,750.0000,684.0000,714.0000,715.4600,11.7400
2026-06-05 18:30:25,750.0000,684.0000,714.0000,712.9200,11.8500
2026-06-05 19:00:34,740.0000,684.0000,711.0000,709.0400,12.5100
2026-06-05 19:30:33,740.0000,684.0000,711.0000,706.1600,12.9700
2026-06-05 20:00:26,750.0000,684.0000,711.0000,706.5400,13.3400
2026-06-08 07:05:28,740.0000,684.0000,701.0000,700.3000,13.6900
2026-06-08 08:48:59,740.0000,684.0000,701.0000,700.3000,13.6900
2026-06-08 13:00:10,735.0000,684.0000,717.0000,717.1000,13.1100
2026-06-08 13:30:20,735.0000,684.0000,718.0000,719.0000,13.0900
2026-06-08 14:00:20,735.0000,700.0000,717.0000,717.3500,12.7200
2026-06-08 14:30:20,735.0000,700.0000,717.0000,716.2900,12.5300
2026-06-08 14:34:27,735.0000,700.0000,714.0000,714.9100,12.7500
2026-06-08 15:00:23,735.0000,700.0000,718.0000,718.3700,12.2800
2026-06-08 15:30:28,750.0000,700.0000,722.0000,722.7200,12.0900
2026-06-08 16:00:27,750.0000,700.0000,722.0000,721.1300,12.2900
2026-06-08 16:30:22,735.0000,700.0000,722.0000,720.5400,12.3200
2026-06-08 17:00:20,735.0000,700.0000,718.0000,719.2900,12.4000
2026-06-08 17:30:21,735.0000,700.0000,718.0000,717.6900,12.4700
2026-06-08 18:00:27,735.0000,700.0000,718.0000,717.8800,12.4500
2026-06-08 18:30:28,735.0000,700.0000,718.0000,718.9700,12.2400
2026-06-08 19:00:30,735.0000,700.0000,718.0000,718.0100,12.2200
2026-06-08 19:30:28,735.0000,700.0000,717.0000,716.0400,12.3000
2026-06-08 20:00:23,735.0000,700.0000,717.0000,715.7700,12.2600
2026-06-09 09:24:26,735.0000,700.0000,719.0000,721.0100,12.2500
2026-06-09 09:44:56,735.0000,700.0000,719.0000,721.4000,12.1300
2026-06-09 12:03:09,735.0000,700.0000,725.0000,722.4800,12.1400
2026-06-09 13:00:12,735.0000,700.0000,725.0000,722.1100,12.1300
2026-06-09 13:30:22,735.0000,700.0000,725.0000,722.4200,12.1200
2026-06-09 14:00:25,735.0000,700.0000,725.0000,723.6400,12.0400
2026-06-09 14:30:30,735.0000,700.0000,717.0000,717.1000,12.4600
2026-06-09 15:00:22,735.0000,700.0000,714.0000,712.9700,13.1200
2026-06-09 15:30:21,735.0000,700.0000,714.0000,711.3800,13.2300
2026-06-09 16:00:29,735.0000,700.0000,702.0000,702.6000,14.2000
2026-06-09 16:30:34,735.0000,684.0000,701.0000,695.7400,15.7800
2026-06-09 17:00:30,735.0000,684.0000,701.0000,690.7500,15.8600
2026-06-09 17:30:28,735.0000,684.0000,701.0000,697.0900,14.9000
2026-06-09 18:00:30,735.0000,700.0000,702.0000,702.3000,14.3500
2026-06-09 18:30:28,735.0000,700.0000,702.0000,701.9600,14.3900
2026-06-09 19:00:27,735.0000,700.0000,702.0000,703.8100,14.2900
2026-06-09 19:30:27,735.0000,700.0000,702.0000,704.3900,14.2400
2026-06-09 20:00:30,735.0000,700.0000,702.0000,703.5100,14.4600
2026-06-10 06:50:51,735.0000,700.0000,702.0000,706.6700,14.2600
2026-06-10 12:17:37,735.0000,684.0000,701.0000,697.1600,14.6800
2026-06-10 13:01:11,735.0000,684.0000,702.0000,702.9900,14.5200
2026-06-10 13:30:23,735.0000,684.0000,702.0000,701.9500,14.5300
2026-06-10 14:00:20,735.0000,684.0000,702.0000,706.6500,14.5100
2026-06-10 14:03:13,735.0000,684.0000,702.0000,706.8000,14.5100
2026-06-10 14:30:41,735.0000,684.0000,702.0000,707.5100,14.2900
2026-06-10 14:39:47,735.0000,684.0000,714.0000,709.5800,14.1000
2026-06-10 15:00:22,735.0000,684.0000,714.0000,708.5800,14.3100
2026-06-10 15:06:26,735.0000,684.0000,702.0000,706.2900,14.4600
2026-06-10 15:30:27,735.0000,684.0000,701.0000,698.5000,15.6700
2026-06-10 16:00:25,735.0000,684.0000,702.0000,701.5100,15.2000
2026-06-10 16:30:25,735.0000,684.0000,701.0000,699.1200,15.6100
2026-06-10 17:00:19,735.0000,684.0000,701.0000,699.5700,15.4800
2026-06-10 17:30:19,735.0000,684.0000,701.0000,696.6400,15.4900
2026-06-10 18:00:28,735.0000,684.0000,701.0000,696.1500,15.3800
2026-06-10 18:30:28,735.0000,684.0000,701.0000,699.6800,14.9600
2026-06-10 19:00:25,735.0000,684.0000,701.0000,696.9600,15.1300
2026-06-10 19:30:26,735.0000,684.0000,701.0000,695.1700,15.5700
2026-06-10 20:00:22,735.0000,684.0000,701.0000,696.2000,15.5300
2026-06-11 09:35:36,735.0000,684.0000,702.0000,702.3400,15.5200
2026-06-11 13:00:10,735.0000,684.0000,701.0000,698.7200,15.6900
2026-06-11 13:30:24,735.0000,684.0000,701.0000,699.8400,15.6900
2026-06-11 14:00:23,735.0000,684.0000,701.0000,699.0700,15.2100
2026-06-11 14:30:21,735.0000,684.0000,701.0000,701.4300,15.2800
2026-06-11 15:00:21,735.0000,684.0000,702.0000,702.0500,15.2200
2026-06-11 15:14:13,735.0000,684.0000,701.0000,697.6900,15.7500
2026-06-11 15:30:23,735.0000,684.0000,701.0000,699.6800,15.6700
2026-06-11 15:37:24,735.0000,684.0000,701.0000,701.1700,15.5000
2026-06-11 15:40:19,735.0000,684.0000,701.0000,700.8400,15.6000
2026-06-11 16:00:28,735.0000,684.0000,701.0000,700.6100,15.6400
2026-06-11 16:31:19,735.0000,684.0000,702.0000,704.3600,15.4200
2026-06-11 16:50:12,735.0000,684.0000,702.0000,703.6200,15.5100
2026-06-11 17:00:34,735.0000,684.0000,702.0000,702.6300,15.3200
2026-06-11 17:08:38,735.0000,684.0000,701.0000,701.0300,15.4200
2026-06-11 17:26:37,735.0000,684.0000,701.0000,699.9400,15.4900
2026-06-11 17:30:30,735.0000,684.0000,701.0000,699.1200,15.4700
2026-06-11 18:00:24,740.0000,700.0000,714.0000,711.6000,14.8100
2026-06-11 18:30:24,735.0000,700.0000,714.0000,709.1800,14.9200
2026-06-11 19:00:32,740.0000,700.0000,714.0000,710.4900,14.9600
2026-06-11 19:30:30,740.0000,700.0000,714.0000,714.1300,15.0300
2026-06-11 20:00:29,740.0000,700.0000,717.0000,717.3200,14.9100
2026-06-12 12:19:22,735.0000,700.0000,719.0000,721.0100,14.7300
2026-06-12 13:00:09,735.0000,700.0000,717.0000,717.5900,14.8600
2026-06-12 13:30:20,740.0000,700.0000,717.0000,716.2400,14.8600
2026-06-12 14:00:19,735.0000,700.0000,714.0000,713.4400,15.2600
2026-06-12 14:23:37,735.0000,700.0000,719.0000,718.8700,14.6900
2026-06-12 14:30:23,735.0000,700.0000,719.0000,718.9000,14.7900
2026-06-12 14:32:12,735.0000,700.0000,719.0000,719.3700,14.6700
2026-06-12 15:00:28,735.0000,700.0000,717.0000,715.7700,14.9500
2026-06-12 15:30:23,740.0000,700.0000,725.0000,722.3500,14.1400
2026-06-12 16:00:21,735.0000,700.0000,719.0000,719.6400,14.7300
2026-06-12 16:30:24,735.0000,700.0000,719.0000,720.7000,14.3200
2026-06-12 17:00:22,735.0000,700.0000,719.0000,720.6800,13.9300
2026-06-12 17:30:25,735.0000,700.0000,719.0000,721.8200,13.3900
2026-06-12 18:00:31,735.0000,700.0000,725.0000,722.7500,13.0500
2026-06-12 18:30:30,735.0000,700.0000,719.0000,721.5000,12.7900
2026-06-12 19:00:25,735.0000,700.0000,725.0000,722.8900,12.7400
2026-06-12 19:30:26,735.0000,700.0000,719.0000,721.8700,12.4900
2026-06-12 20:00:31,735.0000,700.0000,719.0000,720.8800,12.2000
2026-06-15 04:00:10,735.0000,700.0000,725.0000,723.2500,12.2300
2026-06-15 06:54:22,735.0000,700.0000,725.0000,723.2500,12.2300
2026-06-15 13:00:10,740.0000,700.0000,729.0000,736.7600,11.6100
2026-06-15 13:30:21,740.0000,700.0000,729.0000,737.0400,11.4000
2026-06-15 14:00:24,740.0000,700.0000,746.0000,739.8800,13.9400
2026-06-15 14:30:30,750.0000,700.0000,746.0000,740.4900,13.8300
2026-06-15 15:00:29,750.0000,700.0000,746.0000,740.3300,13.7700
2026-06-15 15:22:29,750.0000,700.0000,746.0000,742.1100,13.7500
2026-06-15 15:30:30,750.0000,700.0000,746.0000,742.5500,13.7800
2026-06-15 16:00:23,750.0000,700.0000,746.0000,743.0900,13.9400
2026-06-15 16:30:23,750.0000,700.0000,746.0000,744.1700,13.9900
2026-06-15 17:00:29,750.0000,700.0000,746.0000,743.9300,13.8600
2026-06-15 17:30:25,750.0000,700.0000,746.0000,743.3700,13.9500
2026-06-15 18:00:21,750.0000,700.0000,746.0000,743.9500,13.9100
2026-06-15 18:30:21,750.0000,700.0000,746.0000,743.5500,13.8800
2026-06-15 19:00:25,750.0000,700.0000,746.0000,744.0700,13.5700
2026-06-15 19:30:28,750.0000,700.0000,746.0000,743.4200,13.5600
2026-06-15 20:00:29,750.0000,700.0000,746.0000,743.3300,13.5100
2026-06-16 13:00:09,750.0000,724.0000,743.0000,743.2900,13.8900
2026-06-16 13:30:23,750.0000,724.0000,743.0000,742.3800,13.9100
2026-06-16 14:00:23,750.0000,724.0000,743.0000,743.0400,14.2000
2026-06-16 14:12:32,750.0000,724.0000,743.0000,743.3700,13.8900
2026-06-16 14:30:22,750.0000,724.0000,743.0000,742.5500,13.7600
2026-06-16 15:00:18,740.0000,724.0000,743.0000,739.4600,14.5500
2026-06-16 15:05:25,740.0000,724.0000,743.0000,737.9200,14.2300
2026-06-16 15:30:19,740.0000,724.0000,743.0000,737.6100,14.3800
2026-06-16 16:00:19,740.0000,724.0000,732.0000,734.3200,15.2200
2026-06-16 16:30:20,740.0000,724.0000,732.0000,735.8200,14.3200
2026-06-16 17:00:22,740.0000,724.0000,732.0000,734.6500,14.0000
2026-06-16 17:30:24,740.0000,724.0000,732.0000,734.3000,14.2000
2026-06-16 18:00:23,740.0000,724.0000,732.0000,733.5000,14.8700
2026-06-16 18:30:20,740.0000,724.0000,732.0000,733.9900,14.5600
2026-06-16 19:00:25,740.0000,724.0000,732.0000,733.7700,14.7900
2026-06-16 19:30:26,740.0000,724.0000,732.0000,731.9900,15.1000
2026-06-16 20:00:24,740.0000,724.0000,732.0000,732.1500,15.4800
2026-06-17 10:53:40,740.0000,700.0000,733.0000,733.5300,15.7600
2026-06-17 13:00:09,740.0000,700.0000,735.0000,734.4100,15.7200
2026-06-17 13:30:17,740.0000,715.0000,735.0000,734.2500,15.7200
2026-06-17 14:00:17,740.0000,731.0000,735.0000,734.9000,17.7400
2026-06-17 14:30:20,740.0000,731.0000,733.0000,732.7500,17.0400
2026-06-17 15:00:23,740.0000,731.0000,733.0000,733.2700,17.1000
2026-06-17 15:30:25,740.0000,731.0000,732.0000,732.1400,16.8200
2026-06-17 16:00:22,740.0000,731.0000,733.0000,732.5600,16.9500
2026-06-17 16:30:22,740.0000,731.0000,733.0000,733.1300,17.1900
2026-06-17 17:00:30,740.0000,731.0000,733.0000,733.1000,16.8500
2026-06-17 17:30:29,740.0000,731.0000,732.0000,732.0100,16.6300
2026-06-17 18:00:30,740.0000,731.0000,732.0000,732.2500,16.6200
2026-06-17 18:30:48,740.0000,715.0000,730.0000,730.0800,17.5200
2026-06-17 19:01:16,740.0000,731.0000,735.0000,734.5800,16.7400
2026-06-17 19:31:11,740.0000,724.0000,730.0000,730.8600,16.3600
2026-06-17 20:00:48,735.0000,715.0000,725.0000,722.6000,18.3600
2026-06-18 09:18:46,735.0000,715.0000,732.0000,732.4900,14.5700
2026-06-18 09:22:24,735.0000,715.0000,732.0000,732.4900,14.5700
2026-06-18 11:14:29,735.0000,715.0000,733.0000,733.5000,14.6500
2026-06-18 13:00:23,735.0000,715.0000,735.0000,734.3800,14.6300
2026-06-18 13:30:50,740.0000,715.0000,735.0000,735.4300,14.3100
2026-06-18 14:00:51,740.0000,728.0000,733.0000,733.5300,19.6400
2026-06-18 14:30:47,740.0000,731.0000,735.0000,735.4300,19.5300
2026-06-18 15:00:46,740.0000,731.0000,735.0000,736.9400,19.7400
2026-06-18 15:30:47,740.0000,731.0000,735.0000,738.1700,20.6000
2026-06-18 16:00:46,740.0000,731.0000,735.0000,735.4100,25.2400
2026-06-18 16:30:47,740.0000,731.0000,735.0000,738.1500,21.5900
2026-06-18 17:00:51,740.0000,731.0000,735.0000,739.3900,22.2800
2026-06-18 17:30:49,740.0000,731.0000,735.0000,739.8400,22.6800
2026-06-18 18:00:48,745.0000,731.0000,735.0000,740.4700,22.0700
2026-06-18 18:30:49,740.0000,731.0000,735.0000,739.4900,29.5800
2026-06-18 19:00:47,740.0000,731.0000,735.0000,739.0900,31.8800
2026-06-18 19:31:02,740.0000,731.0000,735.0000,738.7800,29.6200
2026-06-18 20:00:59,743.0000,731.0000,735.0000,740.9300,36.5000
2026-06-19 13:00:11,740.0000,720.0000,740.0000,739.8300,10.7900
2026-06-19 13:30:21,740.0000,720.0000,740.0000,739.8300,10.7900
2026-06-19 14:00:21,740.0000,720.0000,740.0000,739.8300,10.7900
2026-06-19 14:30:22,740.0000,720.0000,740.0000,739.8300,10.7900
2026-06-19 15:00:25,740.0000,720.0000,740.0000,739.8300,10.7900
2026-06-19 15:30:26,740.0000,720.0000,740.0000,739.8300,10.7900
2026-06-19 16:00:26,740.0000,720.0000,740.0000,739.8300,10.7900
2026-06-19 16:30:24,740.0000,720.0000,740.0000,739.8300,10.7900
2026-06-19 17:00:23,740.0000,720.0000,740.0000,739.8300,10.7900
2026-06-19 17:30:24,740.0000,720.0000,740.0000,739.8300,10.7900
2026-06-19 18:00:21,740.0000,720.0000,740.0000,739.8300,10.7900
2026-06-19 18:30:23,740.0000,720.0000,740.0000,739.8300,10.7900
2026-06-19 19:00:25,740.0000,720.0000,740.0000,739.8300,10.7900
2026-06-19 19:30:22,740.0000,720.0000,740.0000,739.8300,10.7900
2026-06-19 20:00:25,740.0000,720.0000,740.0000,739.8300,10.7900
2026-06-22 07:01:30,740.0000,720.0000,740.0000,739.8300,10.7900
2026-06-22 11:12:25,740.0000,720.0000,740.0000,739.8700,10.7900
2026-06-22 13:00:11,765.0000,720.0000,740.0000,742.1100,10.6500
2026-06-22 13:30:23,765.0000,720.0000,740.0000,742.7000,10.6900
2026-06-22 14:00:22,765.0000,720.0000,740.0000,741.6800,12.2900
2026-06-22 14:30:19,765.0000,720.0000,747.0000,743.9500,11.6400
2026-06-22 15:00:19,740.0000,720.0000,738.0000,737.3600,12.5500
2026-06-22 15:30:23,740.0000,720.0000,738.0000,737.2900,12.1200
2026-06-22 16:00:23,740.0000,720.0000,738.0000,738.1100,12.0600
2026-06-22 16:30:25,740.0000,720.0000,736.0000,736.0600,12.4700
2026-06-22 17:00:32,740.0000,720.0000,735.0000,735.1600,12.5500
2026-06-22 17:30:32,740.0000,720.0000,736.0000,736.4300,12.2500
2026-06-22 18:00:29,740.0000,720.0000,736.0000,736.3200,12.2900
2026-06-22 18:30:28,740.0000,720.0000,738.0000,737.5100,11.9400
2026-06-22 19:00:28,740.0000,720.0000,736.0000,736.5000,12.2700
2026-06-22 19:30:31,740.0000,720.0000,736.0000,736.1600,12.3000
2026-06-23 10:50:00,740.0000,715.0000,717.0000,717.7500,13.2300
2026-06-23 13:00:12,740.0000,715.0000,717.0000,716.6100,13.2200
2026-06-23 13:30:24,740.0000,715.0000,716.0000,715.8900,13.2300
2026-06-23 14:00:24,740.0000,715.0000,717.0000,717.1900,14.2500
2026-06-23 14:30:22,740.0000,720.0000,721.0000,722.4100,14.0700
2026-06-23 14:52:55,740.0000,720.0000,721.0000,722.0700,14.1400
2026-06-23 15:00:27,740.0000,715.0000,721.0000,719.6100,14.3800
2026-06-23 15:30:25,740.0000,715.0000,717.0000,717.3900,14.3600
2026-06-23 16:00:26,740.0000,715.0000,716.0000,715.9300,14.2900
2026-06-23 16:18:25,740.0000,715.0000,717.0000,718.6400,14.1100
2026-06-23 16:25:47,740.0000,715.0000,721.0000,719.4900,14.0000
2026-06-23 16:30:32,740.0000,720.0000,721.0000,720.1800,13.9200
2026-06-23 17:00:25,740.0000,715.0000,721.0000,719.9000,13.8500
2026-06-23 17:30:25,740.0000,715.0000,721.0000,719.1300,14.0500
2026-06-23 18:00:31,740.0000,715.0000,717.0000,718.2900,14.0300
2026-06-23 18:12:14,740.0000,715.0000,716.0000,716.1100,14.2700
2026-06-23 18:30:31,740.0000,715.0000,716.0000,716.2600,14.2600
2026-06-23 19:00:27,740.0000,705.0000,714.0000,713.3400,14.8800
2026-06-23 19:16:27,740.0000,705.0000,714.0000,713.2500,14.8500
2026-06-23 19:30:27,740.0000,705.0000,714.0000,714.5500,14.6100
2026-06-23 20:00:30,740.0000,705.0000,714.0000,714.8700,14.6900
2026-06-24 08:13:35,740.0000,715.0000,717.0000,716.0400,14.7500
2026-06-24 13:00:10,740.0000,715.0000,717.0000,717.2200,14.7700
2026-06-24 13:30:25,740.0000,715.0000,714.0000,715.4100,14.8100
2026-06-24 14:00:23,740.0000,695.0000,714.0000,714.0400,14.5700
2026-06-24 14:30:18,740.0000,695.0000,714.0000,713.8800,14.3100
2026-06-24 14:34:55,740.0000,695.0000,714.0000,712.3200,14.3400
2026-06-24 15:00:25,740.0000,715.0000,717.0000,717.2900,13.6700
2026-06-24 15:30:22,740.0000,715.0000,717.0000,717.0200,13.3500
2026-06-24 16:00:23,740.0000,715.0000,717.0000,715.6200,13.4400
2026-06-24 16:30:22,740.0000,715.0000,717.0000,716.9000,13.3000
2026-06-24 17:00:26,740.0000,695.0000,714.0000,713.5500,13.9900
2026-06-24 17:30:24,740.0000,695.0000,714.0000,711.5000,14.2400
2026-06-24 18:00:20,740.0000,695.0000,714.0000,708.1500,14.8100
2026-06-24 18:30:23,740.0000,695.0000,714.0000,708.3400,14.6500
2026-06-24 19:00:29,740.0000,695.0000,714.0000,708.4500,14.4700
2026-06-24 19:30:32,740.0000,695.0000,701.0000,705.3100,14.7500
2026-06-24 20:00:28,740.0000,695.0000,701.0000,707.4600,14.4900
2026-06-25 06:51:47,740.0000,715.0000,725.0000,724.5400,13.3600
2026-06-25 08:30:43,740.0000,715.0000,725.0000,724.5400,13.3600
2026-06-25 12:55:50,740.0000,715.0000,728.0000,727.5800,12.9000
2026-06-25 13:00:22,740.0000,715.0000,728.0000,727.5800,12.9000
2026-06-25 13:30:21,740.0000,715.0000,725.0000,725.9500,13.3400
2026-06-25 14:00:22,740.0000,715.0000,717.0000,717.0600,14.1200
2026-06-25 14:30:23,740.0000,695.0000,714.0000,711.7100,13.9600
2026-06-25 15:00:22,740.0000,695.0000,714.0000,711.9300,13.6600
2026-06-25 15:30:21,740.0000,695.0000,714.0000,710.9300,13.4700
2026-06-25 16:00:23,740.0000,695.0000,714.0000,714.9300,13.3300
2026-06-25 16:30:26,740.0000,715.0000,717.0000,718.2400,13.2100
2026-06-25 17:00:25,740.0000,695.0000,714.0000,713.9000,13.3500
2026-06-25 17:30:24,740.0000,715.0000,717.0000,716.5600,12.8700
2026-06-25 18:00:26,740.0000,715.0000,717.0000,715.8400,12.7800
2026-06-25 18:30:25,740.0000,715.0000,717.0000,716.6600,12.6500
2026-06-25 19:00:28,740.0000,715.0000,717.0000,717.3600,12.7200
2026-06-25 19:30:31,740.0000,695.0000,714.0000,714.2300,13.0300
2026-06-25 20:00:27,740.0000,695.0000,714.0000,714.3900,12.6800
2026-06-26 07:27:45,740.0000,705.0000,717.0000,714.9300,12.8100
2026-06-26 07:47:30,740.0000,705.0000,717.0000,714.9300,12.8100
2026-06-26 13:00:12,740.0000,705.0000,703.0000,706.3100,13.2000
2026-06-26 13:30:23,740.0000,705.0000,703.0000,705.4000,13.1900
2026-06-26 14:00:20,740.0000,695.0000,703.0000,706.0300,12.8500
2026-06-26 14:17:38,740.0000,705.0000,717.0000,710.4300,13.0100
2026-06-26 14:30:31,740.0000,705.0000,717.0000,712.4200,12.6800
2026-06-26 15:00:27,740.0000,705.0000,717.0000,710.2600,12.5500
2026-06-26 15:30:25,740.0000,705.0000,703.0000,709.1500,12.3200
2026-06-26 16:00:23,740.0000,715.0000,717.0000,715.2400,12.4400
2026-06-26 16:30:21,740.0000,705.0000,717.0000,711.4300,12.1200
2026-06-26 17:00:27,740.0000,705.0000,717.0000,713.4500,12.0700
2026-06-26 17:30:28,740.0000,705.0000,717.0000,713.9600,11.3800
2026-06-26 18:00:25,740.0000,705.0000,717.0000,712.9000,11.7300
2026-06-26 18:30:24,740.0000,705.0000,717.0000,711.0800,11.2000
2026-06-26 19:00:23,740.0000,705.0000,703.0000,710.0000,11.4600
2026-06-26 19:30:21,740.0000,705.0000,717.0000,710.1300,11.3600
2026-06-26 20:00:25,740.0000,705.0000,717.0000,711.2500,10.7900
2026-06-29 08:54:07,725.0000,715.0000,717.0000,715.4900,11.4700
2026-06-29 09:08:58,725.0000,715.0000,717.0000,715.0900,11.4700
2026-06-29 09:12:06,725.0000,715.0000,717.0000,715.0900,11.4700
2026-06-29 12:14:50,725.0000,715.0000,717.0000,715.9200,11.4200
2026-06-29 13:00:11,725.0000,700.0000,717.0000,714.3600,11.4600
2026-06-29 13:30:21,725.0000,715.0000,717.0000,715.8000,11.4400
2026-06-29 14:00:18,725.0000,715.0000,717.0000,716.7100,15.1700
2026-06-29 14:30:22,725.0000,700.0000,703.0000,706.9800,16.1900
2026-06-29 15:00:24,725.0000,705.0000,711.0000,712.2800,15.5500
2026-06-29 15:06:15,725.0000,705.0000,711.0000,713.3200,16.0500
2026-06-29 15:34:01,725.0000,715.0000,717.0000,715.5800,15.1400
2026-06-29 16:04:04,725.0000,715.0000,717.0000,717.8500,13.8100
2026-06-29 16:30:28,725.0000,715.0000,717.0000,718.9100,13.9900
2026-06-29 17:00:28,725.0000,715.0000,721.0000,720.4500,13.1800
2026-06-29 17:30:32,725.0000,715.0000,721.0000,722.5300,12.7400
2026-06-29 17:51:03,725.0000,715.0000,721.0000,722.8500,12.3600
2026-06-29 18:00:27,725.0000,715.0000,721.0000,722.9000,12.5200
2026-06-29 18:30:32,725.0000,715.0000,725.0000,723.3000,12.2700
2026-06-29 19:00:30,725.0000,715.0000,725.0000,724.0500,12.9500
2026-06-29 19:30:23,725.0000,715.0000,725.0000,723.0600,14.9500
2026-06-29 20:00:26,725.0000,715.0000,725.0000,723.2400,11.8500
2026-06-30 08:29:30,725.0000,715.0000,725.0000,724.0000,13.8800
2026-06-30 13:00:13,730.0000,715.0000,724.0000,724.0000,13.6000
2026-06-30 13:30:30,730.0000,715.0000,724.0000,723.5500,13.6900
2026-06-30 13:47:07,730.0000,715.0000,725.0000,725.9200,20.6800
2026-06-30 14:01:11,730.0000,715.0000,727.0000,728.8400,19.1700
2026-06-30 14:30:25,740.0000,715.0000,727.0000,731.6000,19.8400
2026-06-30 14:35:49,740.0000,715.0000,727.0000,731.8200,20.7100
2026-06-30 14:38:58,740.0000,715.0000,727.0000,733.0300,17.7200
2026-06-30 15:00:24,740.0000,715.0000,727.0000,732.8000,19.3900
2026-06-30 15:30:24,740.0000,715.0000,727.0000,732.6800,17.8600
2026-06-30 16:00:25,740.0000,726.0000,727.0000,733.3800,19.7700
2026-06-30 16:30:25,740.0000,726.0000,727.0000,734.7900,19.7700
2026-06-30 17:00:21,740.0000,726.0000,727.0000,735.3600,22.9300
2026-06-30 17:30:20,740.0000,715.0000,727.0000,736.1200,26.9100
2026-06-30 18:00:25,740.0000,715.0000,727.0000,736.0600,25.3800
2026-06-30 18:30:26,740.0000,715.0000,727.0000,735.8700,29.6000
2026-06-30 19:00:26,740.0000,715.0000,727.0000,736.4300,24.9300
2026-06-30 19:30:30,740.0000,715.0000,727.0000,737.3300,28.9500
2026-06-30 20:00:27,738.0000,715.0000,727.0000,736.9700,30.1700
2026-06-30 20:23:15,737.0000,715.0000,727.0000,736.3300,43.4100
2026-07-01 05:02:04,745.0000,710.0000,730.0000,736.2900,13.4100
2026-07-01 11:36:41,740.0000,710.0000,733.0000,733.4800,13.1200
2026-07-01 12:34:52,740.0000,710.0000,732.0000,732.2000,13.1800
2026-07-01 13:00:27,740.0000,710.0000,730.0000,729.9600,13.4700
2026-07-01 13:10:11,740.0000,710.0000,730.0000,729.3700,13.5100
2026-07-01 13:30:24,740.0000,710.0000,730.0000,729.4500,13.5100
2026-07-01 13:51:27,740.0000,710.0000,726.0000,726.5000,15.6300
2026-07-01 13:59:42,740.0000,710.0000,726.0000,727.1600,15.5800
2026-07-01 14:01:27,740.0000,710.0000,726.0000,727.9300,15.1100
2026-07-01 14:30:29,740.0000,710.0000,730.0000,730.5800,13.7500
2026-07-01 15:00:26,740.0000,710.0000,730.0000,729.0000,13.5800
2026-07-01 15:30:24,740.0000,710.0000,730.0000,729.5600,13.2100
2026-07-01 16:00:23,740.0000,729.0000,730.0000,730.2300,13.0500
2026-07-01 16:30:20,740.0000,729.0000,730.0000,729.2600,13.2600
2026-07-01 16:59:27,740.0000,710.0000,730.0000,728.2900,12.9100
2026-07-01 17:00:41,740.0000,710.0000,730.0000,728.4200,12.9100
2026-07-01 17:30:32,740.0000,710.0000,730.0000,728.0100,12.1900
2026-07-01 17:35:07,740.0000,710.0000,730.0000,728.2900,12.8500
2026-07-01 18:00:33,740.0000,710.0000,730.0000,728.0200,12.4700
2026-07-01 18:50:49,740.0000,710.0000,726.0000,727.4200,12.6700
2026-07-01 19:00:29,740.0000,710.0000,726.0000,726.7200,12.6700
2026-07-01 19:30:23,740.0000,710.0000,726.0000,727.9800,13.9300
2026-07-01 20:00:21,740.0000,710.0000,726.0000,726.7000,13.3600
2026-07-02 04:03:26,725.0000,710.0000,725.0000,724.2500,13.3700
2026-07-02 08:55:22,725.0000,710.0000,725.0000,724.2500,13.3700
2026-07-02 08:56:55,725.0000,710.0000,725.0000,724.2500,13.3700
2026-07-02 12:15:14,730.0000,720.0000,727.0000,723.5600,13.0500
2026-07-02 12:26:56,730.0000,720.0000,727.0000,726.2800,13.0800
2026-07-02 13:00:12,735.0000,720.0000,727.0000,730.3600,12.8300
2026-07-02 13:30:23,730.0000,720.0000,727.0000,727.3600,12.7500
2026-07-02 14:00:24,730.0000,720.0000,727.0000,726.7800,19.4700
2026-07-02 14:07:42,730.0000,720.0000,727.0000,729.4900,15.5800
2026-07-02 14:11:24,730.0000,720.0000,727.0000,729.3500,17.2500
2026-07-02 14:30:32,730.0000,720.0000,727.0000,728.9200,16.8200
2026-07-02 15:00:29,730.0000,710.0000,727.0000,719.4500,19.9300
2026-07-02 15:30:27,727.0000,710.0000,727.0000,717.3400,18.4000
2026-07-02 16:00:29,727.0000,713.0000,727.0000,717.3200,20.5800
2026-07-02 16:30:32,730.0000,710.0000,727.0000,714.5300,17.5100
2026-07-02 17:00:34,730.0000,710.0000,727.0000,712.6500,22.3300
2026-07-02 17:30:32,730.0000,710.0000,727.0000,710.4000,22.1100
2026-07-02 18:00:27,730.0000,705.0000,727.0000,709.4700,20.9300
2026-07-02 18:30:25,730.0000,710.0000,727.0000,711.1100,23.6000
2026-07-02 19:00:24,730.0000,710.0000,727.0000,711.5600,28.2700
2026-07-02 19:30:28,730.0000,705.0000,727.0000,709.5800,31.1100
2026-07-02 20:00:29,730.0000,710.0000,727.0000,710.3900,32.3500
2026-07-03 13:00:10,730.0000,710.0000,717.0000,714.2200,11.0500
2026-07-03 13:30:19,730.0000,710.0000,717.0000,714.2200,11.0500
2026-07-03 14:00:18,730.0000,710.0000,717.0000,714.2200,11.0500
2026-07-03 14:30:19,730.0000,710.0000,717.0000,714.2200,11.0500
2026-07-03 15:00:20,730.0000,710.0000,717.0000,714.2200,11.0500
2026-07-03 15:30:22,730.0000,710.0000,717.0000,714.2200,11.0500
2026-07-03 16:00:21,730.0000,710.0000,717.0000,714.2200,11.0500
2026-07-03 16:30:17,730.0000,710.0000,717.0000,714.2200,11.0500
2026-07-03 17:00:17,730.0000,710.0000,717.0000,714.2200,11.0500
2026-07-03 17:30:21,730.0000,710.0000,717.0000,714.2200,11.0500
2026-07-03 18:00:23,730.0000,710.0000,717.0000,714.2200,11.0500
2026-07-03 18:30:21,730.0000,710.0000,717.0000,714.2200,11.0500
2026-07-03 19:00:20,730.0000,710.0000,717.0000,714.2200,11.0500
2026-07-03 19:30:18,730.0000,710.0000,717.0000,714.2200,11.0500
2026-07-03 20:00:18,730.0000,710.0000,717.0000,714.2200,11.0500
2026-07-06 04:00:11,730.0000,710.0000,717.0000,714.2200,11.0500
2026-07-06 10:47:18,730.0000,710.0000,721.0000,721.0000,10.8700
2026-07-06 12:39:30,730.0000,710.0000,721.0000,721.4900,10.7100
2026-07-06 12:43:18,730.0000,710.0000,721.0000,721.4900,10.7100
2026-07-06 12:50:13,730.0000,710.0000,721.0000,721.4900,10.7100
2026-07-06 12:57:56,730.0000,710.0000,721.0000,721.9500,10.7100
2026-07-06 13:00:22,730.0000,710.0000,721.0000,721.4700,10.7100
2026-07-06 13:30:18,730.0000,710.0000,721.0000,720.6100,10.8800
2026-07-06 13:49:32,730.0000,710.0000,721.0000,721.8000,11.6500
2026-07-06 13:53:15,730.0000,710.0000,721.0000,720.6000,11.8100
2026-07-06 14:00:19,730.0000,710.0000,721.0000,721.2400,11.5800
2026-07-06 14:30:18,730.0000,710.0000,724.0000,724.4400,11.1400
2026-07-06 14:55:43,730.0000,710.0000,724.0000,724.3400,11.1200
2026-07-06 15:00:21,730.0000,710.0000,724.0000,724.8100,11.1000
2026-07-06 16:00:09,730.0000,710.0000,724.0000,725.5000,10.9300
2026-07-06 16:30:23,730.0000,710.0000,727.0000,725.8200,11.0600
2026-07-06 17:00:28,730.0000,710.0000,724.0000,724.3700,10.9900
2026-07-06 17:30:26,730.0000,710.0000,724.0000,724.2700,10.9700
2026-07-06 17:45:01,730.0000,710.0000,723.0000,722.8100,10.8800
2026-07-06 18:00:19,730.0000,710.0000,721.0000,721.5700,10.9600
2026-07-06 18:30:21,730.0000,710.0000,723.0000,722.7600,10.9400
2026-07-06 19:00:23,730.0000,710.0000,723.0000,723.2100,10.8500
2026-07-06 19:30:28,730.0000,710.0000,724.0000,724.2800,10.7100
2026-07-06 20:00:29,730.0000,710.0000,724.0000,724.6000,10.6600
2026-07-07 12:08:18,740.0000,710.0000,717.0000,714.9200,11.0200
2026-07-07 13:00:09,740.0000,710.0000,717.0000,716.6200,10.9100
2026-07-07 13:30:18,740.0000,710.0000,717.0000,715.4500,11.0000
2026-07-07 13:53:22,730.0000,710.0000,711.0000,713.4900,11.0900
2026-07-07 14:00:18,730.0000,710.0000,711.0000,713.2900,10.9600
2026-07-07 14:30:18,711.0000,700.0000,711.0000,708.5900,11.2800
2026-07-07 15:00:24,711.0000,700.0000,711.0000,705.5400,11.5800
2026-07-07 15:30:28,711.0000,700.0000,711.0000,708.3600,11.3600
2026-07-07 16:00:22,711.0000,700.0000,711.0000,707.2100,11.3500
2026-07-07 16:30:23,730.0000,710.0000,711.0000,711.1300,11.0400
2026-07-07 17:00:25,730.0000,710.0000,711.0000,712.4900,11.0100
2026-07-07 17:30:23,730.0000,710.0000,711.0000,712.7800,10.7700
2026-07-07 17:56:01,730.0000,710.0000,711.0000,713.1800,10.7200
2026-07-07 18:00:28,730.0000,710.0000,711.0000,713.1800,10.7400
2026-07-07 18:17:06,730.0000,710.0000,711.0000,713.4600,10.7100
2026-07-07 18:30:30,730.0000,710.0000,711.0000,713.3600,10.7900
2026-07-07 19:00:22,730.0000,710.0000,711.0000,711.2100,10.7300
2026-07-07 19:30:25,711.0000,700.0000,711.0000,708.1000,11.2600
2026-07-07 20:00:30,711.0000,700.0000,711.0000,707.5400,10.9900
2026-07-08 13:00:10,711.0000,700.0000,708.0000,704.0500,11.4000
2026-07-08 13:30:27,711.0000,700.0000,708.0000,705.1700,11.3200
2026-07-08 13:49:16,711.0000,700.0000,708.0000,707.6300,11.8700
2026-07-08 14:00:25,711.0000,700.0000,708.0000,708.3800,11.8400
2026-07-08 14:30:27,711.0000,700.0000,708.0000,706.5300,11.5600
2026-07-08 15:00:23,711.0000,700.0000,708.0000,705.5600,11.6100
2026-07-08 15:30:21,711.0000,700.0000,708.0000,703.8700,11.9700
2026-07-08 16:00:19,711.0000,700.0000,708.0000,702.9100,11.9300
2026-07-08 16:30:22,711.0000,700.0000,708.0000,705.3100,11.5100
2026-07-08 17:00:26,711.0000,700.0000,708.0000,708.1500,11.4500
2026-07-08 17:30:23,711.0000,700.0000,708.0000,708.6800,10.9800
2026-07-08 18:00:25,711.0000,700.0000,708.0000,709.4000,11.0300
2026-07-08 18:01:19,711.0000,700.0000,708.0000,709.4100,11.0300
2026-07-08 18:30:26,711.0000,700.0000,711.0000,709.9700,11.1900
2026-07-08 19:00:30,711.0000,700.0000,711.0000,709.6800,11.2100
2026-07-08 19:05:45,711.0000,700.0000,711.0000,709.8600,11.0100
2026-07-08 19:30:29,711.0000,700.0000,711.0000,709.7000,10.8400
2026-07-08 20:00:27,711.0000,710.0000,711.0000,710.0500,10.9100
2026-07-09 08:43:51,730.0000,700.0000,717.0000,717.6000,10.3100
2026-07-09 08:58:13,730.0000,700.0000,717.0000,717.6000,10.3100
2026-07-09 13:00:10,730.0000,700.0000,717.0000,718.3300,10.3100
2026-07-09 13:30:25,730.0000,700.0000,717.0000,718.5300,10.3100
2026-07-09 14:00:24,740.0000,700.0000,721.0000,721.0900,10.5700
2026-07-09 14:30:19,740.0000,700.0000,721.0000,720.0500,11.2900
2026-07-09 15:00:22,740.0000,700.0000,717.0000,718.6000,10.9700
2026-07-09 15:30:26,740.0000,700.0000,721.0000,721.0400,10.8000
2026-07-09 16:00:25,740.0000,700.0000,722.0000,721.6700,10.5400
2026-07-09 16:30:22,740.0000,700.0000,722.0000,722.1300,10.5600
2026-07-09 17:00:19,740.0000,700.0000,722.0000,722.2200,10.5900
2026-07-09 17:30:21,750.0000,700.0000,722.0000,723.4800,10.5800
2026-07-09 17:32:20,750.0000,700.0000,722.0000,723.5900,10.5400
2026-07-09 18:00:21,750.0000,700.0000,722.0000,723.7600,10.6200
2026-07-09 18:30:25,750.0000,700.0000,722.0000,723.8800,10.5300
2026-07-09 19:00:26,750.0000,700.0000,722.0000,723.3900,10.4800
2026-07-09 19:30:20,740.0000,700.0000,722.0000,722.5100,10.3400
2026-07-09 20:00:23,740.0000,700.0000,722.0000,723.0400,10.3800
2026-07-10 11:05:42,750.0000,700.0000,721.0000,721.2000,10.4700
2026-07-10 11:37:06,750.0000,700.0000,722.0000,721.9300,10.4800
2026-07-10 11:45:59,750.0000,700.0000,721.0000,721.4300,10.4800
2026-07-10 13:00:12,750.0000,700.0000,721.0000,720.7700,10.7000
2026-07-10 13:30:23,750.0000,700.0000,721.0000,720.1500,10.7000
2026-07-10 14:00:21,740.0000,700.0000,721.0000,721.2500,10.3700
2026-07-10 14:30:20,740.0000,700.0000,724.0000,723.3400,10.0400
2026-07-10 15:00:21,740.0000,700.0000,722.0000,721.5600,9.9400
2026-07-10 15:30:20,740.0000,700.0000,721.0000,721.5000,9.8800
2026-07-10 16:00:19,740.0000,700.0000,722.0000,721.5800,9.7100
2026-07-10 16:16:44,740.0000,700.0000,724.0000,723.8600,9.6400
2026-07-10 16:30:28,740.0000,700.0000,724.0000,724.2200,9.7100
2026-07-10 17:00:26,740.0000,700.0000,724.0000,724.9200,9.5100
2026-07-10 17:30:22,740.0000,700.0000,724.0000,724.8000,9.2900
2026-07-10 18:00:23,740.0000,700.0000,726.0000,726.1600,9.3900
2026-07-10 18:30:21,740.0000,700.0000,726.0000,725.8400,9.4100
2026-07-10 19:00:26,740.0000,700.0000,726.0000,725.4800,8.9500
2026-07-10 19:30:32,740.0000,700.0000,726.0000,726.0000,8.9600
2026-07-10 19:51:12,740.0000,700.0000,726.0000,725.8200,9.3000
2026-07-10 20:00:33,740.0000,700.0000,726.0000,725.9400,9.1800
2026-07-16 13:35:07,730.0000,700.0000,717.0000,711.7200,10.7000
2026-07-16 14:00:19,725.0000,700.0000,706.0000,708.7700,12.6400
2026-07-16 14:30:22,725.0000,700.0000,717.0000,712.1500,12.7600
2026-07-16 15:00:22,725.0000,700.0000,717.0000,711.8000,12.3300
2026-07-16 15:30:19,725.0000,700.0000,706.0000,709.1500,12.6200
2026-07-16 16:00:27,725.0000,700.0000,706.0000,710.1500,11.7000
2026-07-16 16:30:31,725.0000,700.0000,706.0000,707.7100,12.7200
2026-07-16 17:00:27,725.0000,700.0000,706.0000,707.8500,12.7100
2026-07-16 17:30:25,725.0000,700.0000,706.0000,707.7600,12.4600
2026-07-16 18:00:24,725.0000,700.0000,706.0000,706.4700,12.4400
2026-07-16 18:30:29,725.0000,700.0000,706.0000,707.0900,12.9500
2026-07-16 19:00:32,725.0000,700.0000,706.0000,706.6300,12.6900
2026-07-16 19:30:29,725.0000,700.0000,706.0000,705.0500,12.3700
2026-07-16 20:00:31,725.0000,700.0000,706.0000,703.7700,13.5500
2026-07-17 13:00:13,720.0000,690.0000,706.0000,692.8600,13.2100
2026-07-17 13:30:28,720.0000,690.0000,706.0000,691.9100,13.2600
2026-07-17 14:00:23,720.0000,685.0000,706.0000,687.1500,18.1100
2026-07-17 14:30:25,706.0000,695.0000,706.0000,696.0300,21.4600
2026-07-17 15:00:30,706.0000,695.0000,706.0000,696.5800,18.4200
2026-07-17 15:30:28,720.0000,690.0000,706.0000,693.7100,19.2100
2026-07-17 16:00:32,720.0000,695.0000,706.0000,696.3700,22.7400
2026-07-17 16:30:31,706.0000,695.0000,706.0000,699.4300,19.6400
2026-07-17 17:00:30,706.0000,695.0000,706.0000,699.9800,20.5700
2026-07-17 17:30:31,706.0000,700.0000,706.0000,701.2200,22.6900
2026-07-17 18:00:28,706.0000,695.0000,706.0000,699.8500,19.6800
2026-07-17 18:30:27,720.0000,695.0000,706.0000,697.8700,25.4100
2026-07-17 19:00:23,720.0000,695.0000,706.0000,696.3100,27.5500
2026-07-17 19:30:25,720.0000,695.0000,706.0000,695.2400,24.7800
2026-07-17 20:00:30,720.0000,695.0000,706.0000,696.2500,32.8500
2026-07-20 07:08:57,730.0000,690.0000,713.0000,693.6000,12.2000
2026-07-20 13:00:15,730.0000,695.0000,703.0000,702.0100,11.4100
2026-07-20 13:30:31,730.0000,695.0000,703.0000,701.8000,11.4200
2026-07-20 14:00:28,730.0000,695.0000,703.0000,705.7200,11.5500
2026-07-20 14:30:29,730.0000,695.0000,703.0000,700.8100,12.0300
2026-07-20 15:00:29,730.0000,695.0000,703.0000,699.7100,11.9800
2026-07-20 15:30:27,730.0000,695.0000,703.0000,699.8600,11.9800
2026-07-20 16:00:32,730.0000,695.0000,703.0000,701.5500,11.5700
2026-07-20 16:30:32,730.0000,695.0000,703.0000,703.5800,11.5400
2026-07-20 17:00:31,730.0000,695.0000,703.0000,701.1200,11.3700
2026-07-20 17:30:29,730.0000,695.0000,703.0000,699.8400,11.8000
2026-07-20 18:00:23,730.0000,695.0000,703.0000,700.0700,11.6700
2026-07-20 18:30:22,730.0000,695.0000,703.0000,700.6100,11.7200
2026-07-20 19:00:24,730.0000,695.0000,703.0000,698.1900,11.7500
2026-07-20 19:30:21,730.0000,695.0000,703.0000,696.7300,11.9600
2026-07-20 20:00:24,730.0000,695.0000,703.0000,698.0000,12.1100
2026-07-21 12:22:15,730.0000,695.0000,712.0000,704.8900,11.0300
2026-07-21 13:00:11,730.0000,695.0000,712.0000,704.2300,11.4600
2026-07-21 13:30:28,730.0000,695.0000,712.0000,705.2500,11.0300
2026-07-21 14:00:31,730.0000,695.0000,712.0000,704.4600,11.8400
2026-07-21 14:30:27,730.0000,695.0000,712.0000,703.9500,11.8200
2026-07-21 15:00:21,730.0000,695.0000,712.0000,706.5600,11.5700
2026-07-21 15:30:19,730.0000,695.0000,712.0000,708.2800,11.4900
2026-07-21 16:00:21,730.0000,695.0000,712.0000,707.9000,11.0500
2026-07-21 16:30:21,730.0000,695.0000,712.0000,708.4500,11.3000
2026-07-21 17:00:23,730.0000,695.0000,712.0000,709.0600,11.3700
2026-07-21 17:30:22,730.0000,695.0000,712.0000,709.4700,11.6500
2026-07-21 18:00:22,730.0000,695.0000,712.0000,709.5300,11.5500
2026-07-21 18:30:27,730.0000,695.0000,712.0000,709.5100,11.5700
2026-07-21 19:00:28,730.0000,695.0000,712.0000,709.6500,11.4000
2026-07-21 19:30:28,730.0000,695.0000,712.0000,708.7300,11.1200
2026-07-21 20:00:33,730.0000,695.0000,712.0000,709.4700,11.4300
2026-07-22 13:00:09,730.0000,695.0000,712.0000,703.0000,11.6400
2026-07-22 13:30:21,730.0000,695.0000,712.0000,702.8600,11.6400
2026-07-22 13:47:13,730.0000,695.0000,712.0000,704.2100,11.7600
2026-07-22 14:00:26,730.0000,695.0000,712.0000,706.3400,11.5800
2026-07-22 14:30:20,730.0000,695.0000,712.0000,706.9600,11.0600
2026-07-22 15:00:18,730.0000,695.0000,712.0000,706.0500,11.5500
2026-07-22 15:30:19,730.0000,695.0000,712.0000,708.6700,11.5300
2026-07-22 16:00:20,730.0000,695.0000,712.0000,708.3400,11.3400
2026-07-22 16:30:23,730.0000,695.0000,712.0000,709.3900,11.3900
2026-07-22 17:00:27,730.0000,695.0000,712.0000,708.3600,11.2900
2026-07-22 17:30:31,730.0000,695.0000,712.0000,708.9300,11.1700
2026-07-22 18:00:28,730.0000,695.0000,712.0000,708.5100,11.0800
2026-07-22 18:30:22,730.0000,695.0000,712.0000,706.9700,10.4500
2026-07-22 19:00:22,730.0000,695.0000,712.0000,706.9600,11.1200
2026-07-22 19:30:28,730.0000,695.0000,712.0000,706.7400,11.1000
2026-07-22 20:00:25,730.0000,695.0000,712.0000,706.5700,11.3000
2026-07-23 08:24:37,730.0000,695.0000,712.0000,704.8100,11.3600
2026-07-23 13:00:10,730.0000,695.0000,709.0000,696.0100,11.9300
2026-07-23 13:30:22,730.0000,690.0000,709.0000,694.7800,12.1800
2026-07-23 14:00:22,730.0000,695.0000,709.0000,698.3800,11.3600
2026-07-23 14:30:21,730.0000,695.0000,709.0000,695.1100,12.3200
2026-07-23 15:00:21,730.0000,690.0000,709.0000,693.0700,12.7300
2026-07-23 15:30:23,730.0000,680.0000,709.0000,689.1500,13.1100
2026-07-23 16:00:28,730.0000,680.0000,709.0000,689.7800,13.0800
2026-07-23 17:00:12,730.0000,690.0000,709.0000,694.1200,12.4400
2026-07-23 17:30:19,730.0000,690.0000,709.0000,692.7000,12.6500
2026-07-23 18:00:20,730.0000,690.0000,709.0000,691.6300,12.4600
2026-07-23 18:30:23,730.0000,690.0000,709.0000,691.0700,12.5800
2026-07-23 19:00:23,730.0000,690.0000,709.0000,690.5000,12.4400
2026-07-23 19:30:27,730.0000,680.0000,709.0000,689.5100,12.7200
2026-07-23 20:00:20,730.0000,680.0000,709.0000,689.4200,12.8100
2026-07-24 07:30:27,730.0000,690.0000,709.0000,693.5400,12.2400
2026-07-24 13:00:12,730.0000,690.0000,694.0000,692.7100,12.3900
2026-07-24 13:30:21,730.0000,690.0000,694.0000,691.5600,12.3900
2026-07-24 14:00:19,730.0000,680.0000,694.0000,689.3900,12.1400
2026-07-24 14:30:26,730.0000,680.0000,694.0000,687.7200,11.6000
2026-07-24 15:00:33,730.0000,680.0000,694.0000,684.3300,11.8600
2026-07-24 15:30:31,730.0000,680.0000,694.0000,689.8500,11.1100
2026-07-24 16:00:27,730.0000,680.0000,694.0000,689.6100,11.0100
2026-07-24 16:30:21,730.0000,690.0000,694.0000,691.5500,11.0500
2026-07-24 17:00:23,730.0000,680.0000,694.0000,689.4900,11.1300
2026-07-24 17:30:28,730.0000,680.0000,694.0000,688.5600,11.3800
2026-07-24 17:59:28,730.0000,680.0000,694.0000,688.8200,11.3200
2026-07-24 18:00:43,730.0000,680.0000,694.0000,688.4700,11.3200
2026-07-24 18:30:26,730.0000,680.0000,694.0000,687.5900,11.3600
2026-07-24 19:00:27,730.0000,680.0000,694.0000,684.2800,11.8100
2026-07-24 19:30:30,730.0000,680.0000,694.0000,682.8400,12.1500
2026-07-24 20:00:32,730.0000,680.0000,694.0000,683.6200,12.2600
2026-07-27 07:49:46,730.0000,680.0000,694.0000,683.9000,12.0800
2026-07-27 09:33:31,730.0000,695.0000,694.0000,695.0000,11.7200
2026-07-27 13:00:11,730.0000,680.0000,694.0000,693.4600,11.8400
2026-07-27 13:30:20,730.0000,680.0000,694.0000,693.6400,11.8500
2026-07-27 14:00:19,730.0000,680.0000,694.0000,688.2300,14.2100
2026-07-27 14:30:26,730.0000,680.0000,694.0000,683.7400,14.0900
2026-07-27 15:00:27,730.0000,665.0000,694.0000,677.2500,15.2400
2026-07-27 15:30:20,730.0000,680.0000,694.0000,680.8600,14.2800
2026-07-27 16:00:18,730.0000,665.0000,694.0000,677.9300,14.6200
2026-07-27 16:30:25,730.0000,665.0000,694.0000,679.7000,14.2200
2026-07-27 17:00:24,730.0000,680.0000,694.0000,680.6200,14.2400
2026-07-27 17:30:19,730.0000,665.0000,694.0000,678.4000,14.4200
2026-07-27 18:00:21,730.0000,665.0000,694.0000,678.2700,14.3800
2026-07-27 18:30:23,730.0000,665.0000,694.0000,679.8900,14.0900
2026-07-27 19:00:23,730.0000,665.0000,694.0000,679.2500,14.2100
2026-07-27 19:30:21,730.0000,680.0000,694.0000,682.1300,13.9900
2026-07-27 20:00:18,730.0000,680.0000,694.0000,681.8600,13.7700
2026-07-28 09:54:52,730.0000,665.0000,691.0000,677.4100,13.7700
2026-07-28 13:00:16,730.0000,665.0000,691.0000,676.9100,13.8000
2026-07-28 13:30:28,730.0000,665.0000,691.0000,678.0200,13.7000
2026-07-28 14:00:19,730.0000,660.0000,691.0000,671.1300,15.4600
2026-07-28 14:30:18,694.0000,660.0000,691.0000,668.9600,14.8600
2026-07-28 15:00:19,694.0000,665.0000,691.0000,672.2900,14.3500
2026-07-28 15:30:24,694.0000,665.0000,691.0000,674.3300,14.2400
2026-07-28 16:00:31,694.0000,665.0000,691.0000,678.3200,13.9300
2026-07-28 16:30:31,694.0000,665.0000,691.0000,677.7400,14.0000
2026-07-28 17:00:32,694.0000,665.0000,691.0000,678.0800,13.6600
2026-07-28 17:30:29,694.0000,665.0000,691.0000,677.2100,14.0400
2026-07-28 18:00:30,694.0000,665.0000,691.0000,676.3700,13.6800
2026-07-28 18:30:34,694.0000,665.0000,691.0000,675.5100,14.0900
2026-07-28 19:00:29,694.0000,665.0000,691.0000,675.8600,14.0600
2026-07-28 19:30:29,694.0000,665.0000,691.0000,677.0900,13.9700
2026-07-28 20:00:28,730.0000,665.0000,691.0000,676.2200,13.7200
2026-07-29 06:58:03,730.0000,665.0000,691.0000,679.8800,13.6700
2026-07-29 13:00:11,685.0000,660.0000,678.0000,674.8500,14.0000
2026-07-29 13:30:25,685.0000,660.0000,678.0000,674.4000,14.0100
2026-07-29 14:00:31,685.0000,660.0000,678.0000,675.6200,16.0800
2026-07-29 14:30:30,685.0000,660.0000,678.0000,669.3800,16.6600
2026-07-29 15:00:24,685.0000,660.0000,678.0000,666.2500,16.8900
2026-07-29 15:30:27,685.0000,660.0000,678.0000,667.3100,16.3100
2026-07-29 16:00:32,685.0000,660.0000,678.0000,666.4900,16.3900
2026-07-29 16:30:32,685.0000,660.0000,678.0000,663.4600,16.8500
2026-07-29 17:00:28,685.0000,660.0000,678.0000,665.1800,16.8500
2026-07-29 17:30:28,685.0000,660.0000,678.0000,670.6800,16.2300
2026-07-29 18:00:25,685.0000,660.0000,678.0000,669.7300,16.5100
2026-07-29 18:13:19,685.0000,660.0000,678.0000,670.0200,16.5600
2026-07-29 18:30:30,685.0000,660.0000,678.0000,672.8800,14.2500
2026-07-29 19:00:31,685.0000,660.0000,678.0000,676.7600,14.6200
2026-07-29 19:30:26,685.0000,660.0000,678.0000,675.5100,14.4300
2026-07-29 19:57:33,685.0000,660.0000,678.0000,666.6100,15.7500
2026-07-29 20:00:29,685.0000,660.0000,678.0000,664.9600,15.8800
2026-07-30 13:00:16,685.0000,650.0000,674.0000,672.2400,13.5200
2026-07-30 13:18:23,685.0000,650.0000,674.0000,673.9500,13.4500
2026-07-30 13:30:23,685.0000,650.0000,674.0000,674.1600,13.4600
2026-07-30 14:00:26,685.0000,660.0000,678.0000,677.5900,14.7300
2026-07-30 14:30:32,685.0000,680.0000,681.0000,680.5900,14.9700
2026-07-30 15:00:32,685.0000,680.0000,681.0000,681.9200,15.1000
2026-07-30 15:30:27,685.0000,660.0000,678.0000,678.7000,15.1700
2026-07-30 16:00:27,685.0000,680.0000,681.0000,680.3000,15.0200
2026-07-30 16:30:27,685.0000,680.0000,683.0000,682.2600,14.6300
2026-07-30 17:00:26,685.0000,660.0000,678.0000,679.4300,13.0600
2026-07-30 17:30:27,685.0000,680.0000,681.0000,681.7400,13.3600
2026-07-30 18:00:26,685.0000,680.0000,683.0000,682.3600,14.1500
2026-07-30 18:30:29,685.0000,680.0000,683.0000,682.7600,13.6700
2026-07-30 19:00:28,685.0000,680.0000,681.0000,681.8300,13.4200
2026-07-30 19:30:24,685.0000,680.0000,685.0000,684.7200,13.8400
2026-07-30 20:00:25,685.0000,680.0000,683.0000,683.6700,13.8400
2026-07-31 09:13:59,700.0000,692.0000,693.0000,692.3200,13.1800
2026-07-31 13:00:15,690.0000,680.0000,688.0000,688.8700,12.7400
2026-07-31 13:30:32,700.0000,680.0000,691.0000,691.1200,13.1600
2026-07-31 14:00:30,690.0000,680.0000,688.0000,688.4200,21.5600
2026-07-31 14:30:30,685.0000,680.0000,681.0000,681.4800,23.4300
2026-07-31 15:00:32,685.0000,680.0000,685.0000,684.6600,20.2400
2026-07-31 15:30:24,685.0000,680.0000,685.0000,684.7200,20.0100
2026-07-31 15:46:30,685.0000,680.0000,681.0000,681.8000,22.0200
2026-07-31 15:53:32,685.0000,680.0000,683.0000,683.6100,21.5200
2026-07-31 16:00:29,685.0000,680.0000,683.0000,682.9800,22.1200
2026-07-31 16:30:25,690.0000,680.0000,685.0000,685.5500,20.3100
2026-07-31 17:00:24,690.0000,680.0000,685.0000,685.9300,19.5600
2026-07-31 17:30:26,690.0000,680.0000,688.0000,687.7900,21.3200
2026-07-31 18:00:31,690.0000,680.0000,690.0000,689.3800,21.6700
2026-07-31 18:30:33,690.0000,680.0000,688.0000,688.0300,23.6100
2026-07-31 18:33:08,690.0000,680.0000,688.0000,688.3900,24.9500
2026-07-31 18:36:40,690.0000,680.0000,688.0000,688.6300,25.1200
2026-07-31 19:00:31,690.0000,680.0000,688.0000,688.7200,21.5200
2026-07-31 19:30:29,690.0000,684.0000,688.0000,688.8300,25.2900
2026-08-03 08:57:20,690.0000,660.0000,684.0000,684.4700,10.1000
2026-08-03 11:04:03,710.0000,660.0000,690.0000,690.8500,9.9700
2026-08-03 13:00:14,690.0000,660.0000,690.0000,689.2900,10.0600
2026-08-03 13:30:28,690.0000,660.0000,690.0000,689.5100,10.0100
2026-08-03 14:00:30,710.0000,660.0000,690.0000,690.2900,11.9800
2026-08-03 14:30:31,710.0000,660.0000,692.0000,691.8500,11.4900
2026-08-03 15:00:23,710.0000,660.0000,692.0000,695.4200,10.8800
2026-08-03 15:30:19,710.0000,660.0000,699.0000,696.7600,10.7800
2026-08-03 16:00:19,710.0000,660.0000,699.0000,697.1800,10.7500
2026-08-03 16:23:34,710.0000,660.0000,699.0000,697.7600,10.6900
2026-08-03 16:30:22,710.0000,660.0000,699.0000,697.6700,10.6700
2026-08-03 16:44:03,710.0000,660.0000,699.0000,698.4500,10.6700
2026-08-03 17:00:24,710.0000,660.0000,699.0000,698.3800,10.6200
2026-08-03 17:20:51,710.0000,660.0000,699.0000,698.3100,10.5400
2026-08-03 17:29:01,710.0000,660.0000,699.0000,698.9300,10.6600
2026-08-03 17:30:25,710.0000,660.0000,699.0000,698.9800,10.6600
2026-08-03 18:00:23,710.0000,660.0000,699.0000,699.6900,10.7700
2026-08-03 18:10:47,710.0000,660.0000,701.0000,700.1400,10.8600
2026-08-03 18:30:30,710.0000,660.0000,701.0000,701.0000,10.9700
2026-08-03 19:00:32,710.0000,660.0000,701.0000,700.2200,10.8200
2026-08-03 19:30:30,710.0000,660.0000,701.0000,700.0400,10.6600
2026-08-03 20:00:31,710.0000,660.0000,701.0000,700.4600,10.6500
2026-08-04 13:39:32,710.0000,660.0000,701.0000,708.4000,10.3200
2026-08-04 13:48:27,720.0000,660.0000,701.0000,710.9400,10.8300
2026-08-04 14:00:22,720.0000,685.0000,701.0000,712.4900,11.8800
2026-08-04 14:30:20,720.0000,660.0000,701.0000,715.4500,12.3500
2026-08-04 15:00:22,720.0000,660.0000,701.0000,715.8400,11.5900
2026-08-04 15:30:26,720.0000,660.0000,701.0000,717.4900,11.9300
2026-08-04 15:40:23,720.0000,660.0000,701.0000,718.4400,12.1700
2026-08-04 16:00:22,720.0000,660.0000,701.0000,718.7700,12.2400
2026-08-04 16:30:22,720.0000,660.0000,701.0000,718.9700,12.3700
2026-08-04 17:00:19,725.0000,660.0000,701.0000,720.1400,12.1000
2026-08-04 17:30:18,725.0000,660.0000,701.0000,721.7500,12.6600
2026-08-04 18:00:21,725.0000,660.0000,701.0000,723.3900,12.9600
2026-08-04 18:30:25,725.0000,660.0000,701.0000,723.0400,13.2700
2026-08-04 19:00:25,725.0000,660.0000,701.0000,723.1700,13.4600
2026-08-04 19:26:29,735.0000,660.0000,701.0000,725.0300,13.6400
2026-08-04 19:30:26,725.0000,660.0000,701.0000,724.9700,13.7900
2026-08-04 20:00:23,735.0000,660.0000,701.0000,725.4300,13.6300
2026-08-05 08:52:09,725.0000,660.0000,701.0000,722.7700,13.7900
2026-08-05 12:44:26,735.0000,700.0000,726.0000,725.1500,13.4800
2026-08-05 13:00:22,735.0000,700.0000,726.0000,725.1400,13.4800
2026-08-05 13:30:20,735.0000,700.0000,726.0000,725.0700,13.5100
2026-08-05 14:00:20,735.0000,700.0000,728.0000,727.5100,14.3000
2026-08-05 14:30:21,735.0000,700.0000,728.0000,727.0500,13.5500
2026-08-05 14:52:59,735.0000,700.0000,724.0000,723.4800,13.6200
2026-08-05 15:00:26,735.0000,700.0000,724.0000,723.1700,13.5100
