time,open,high,low,close,volume
2026-04-01 17:05:21,660.0000,657.0000,658.0000,657.7700,12.0400
2026-04-01 17:30:29,660.0000,657.0000,658.0000,658.2800,12.0000
2026-04-01 18:00:31,660.0000,657.0000,658.0000,657.8800,12.3400
2026-04-01 18:30:30,660.0000,640.0000,656.0000,655.9700,12.8600
2026-04-01 19:00:31,660.0000,640.0000,656.0000,654.9400,12.7000
2026-04-01 19:30:27,660.0000,640.0000,656.0000,655.1300,12.6700
2026-04-01 20:00:27,660.0000,640.0000,656.0000,656.3900,12.7100
2026-04-02 08:10:49,660.0000,640.0000,656.0000,655.2400,11.8400
2026-04-02 13:00:14,660.0000,640.0000,656.0000,645.6200,11.7800
2026-04-02 13:30:27,660.0000,640.0000,656.0000,645.4200,11.7800
2026-04-02 14:00:26,660.0000,640.0000,656.0000,645.6500,15.8800
2026-04-02 14:30:29,660.0000,645.0000,656.0000,649.5300,17.6800
2026-04-02 15:00:31,660.0000,650.0000,656.0000,656.0900,21.5900
2026-04-02 15:30:29,660.0000,650.0000,656.0000,655.1200,19.0400
2026-04-02 16:00:28,660.0000,650.0000,656.0000,655.2900,19.1600
2026-04-02 16:30:29,660.0000,650.0000,656.0000,653.4900,19.6200
2026-04-02 17:00:27,660.0000,650.0000,656.0000,654.3100,18.9000
2026-04-02 17:30:26,660.0000,650.0000,656.0000,654.5100,21.2700
2026-04-02 18:00:27,660.0000,650.0000,656.0000,654.0200,20.7500
2026-04-02 18:30:27,660.0000,650.0000,656.0000,654.0200,22.0300
2026-04-02 19:00:28,660.0000,650.0000,656.0000,654.2200,25.5600
2026-04-02 19:30:29,660.0000,650.0000,656.0000,654.7000,23.7900
2026-04-03 12:52:23,685.0000,640.0000,658.0000,655.8300,8.6000
2026-04-03 13:00:23,685.0000,640.0000,658.0000,655.8300,8.6000
2026-04-03 13:30:27,685.0000,640.0000,658.0000,655.8300,8.6000
2026-04-03 14:00:26,685.0000,640.0000,658.0000,655.8300,8.6000
2026-04-03 14:30:23,685.0000,640.0000,658.0000,655.8300,8.6000
2026-04-03 15:00:25,685.0000,640.0000,658.0000,655.8300,8.6000
2026-04-03 15:01:47,685.0000,640.0000,658.0000,655.8300,8.6000
2026-04-03 15:30:25,685.0000,640.0000,658.0000,655.8300,8.6000
2026-04-03 16:00:24,685.0000,640.0000,658.0000,655.8300,8.6000
2026-04-03 16:30:21,685.0000,640.0000,658.0000,655.8300,8.6000
2026-04-03 17:00:24,685.0000,640.0000,658.0000,655.8300,8.6000
2026-04-03 17:30:24,685.0000,640.0000,658.0000,655.8300,8.6000
2026-04-03 18:00:21,685.0000,640.0000,658.0000,655.8300,8.6000
2026-04-03 19:02:12,685.0000,640.0000,658.0000,655.8300,8.6000
2026-04-03 19:30:27,685.0000,640.0000,658.0000,655.8300,8.6000
2026-04-03 20:00:22,685.0000,640.0000,658.0000,655.8300,8.6000
2026-04-06 10:12:24,685.0000,640.0000,658.0000,658.0900,8.3100
2026-04-06 13:00:14,685.0000,640.0000,658.0000,656.7000,8.5900
2026-04-06 13:30:27,685.0000,640.0000,658.0000,656.4100,8.5200
2026-04-06 14:00:26,685.0000,640.0000,658.0000,657.0500,9.5400
2026-04-06 14:30:26,685.0000,640.0000,658.0000,657.7100,9.2300
2026-04-06 15:00:28,685.0000,640.0000,658.0000,657.4100,9.3000
2026-04-06 16:00:57,685.0000,640.0000,658.0000,657.0800,9.2700
2026-04-06 16:30:31,685.0000,640.0000,658.0000,657.4300,9.2100
2026-04-06 17:00:30,685.0000,640.0000,658.0000,658.2700,9.0800
2026-04-06 17:30:33,685.0000,640.0000,656.0000,656.2000,9.4300
2026-04-06 18:00:34,685.0000,640.0000,658.0000,657.0600,9.3800
2026-04-06 18:24:41,685.0000,640.0000,656.0000,656.7800,9.4100
2026-04-06 18:30:31,685.0000,640.0000,658.0000,657.1600,9.3100
2026-04-06 19:00:30,685.0000,640.0000,658.0000,657.8000,9.4600
2026-04-06 19:30:33,685.0000,640.0000,658.0000,658.1100,9.2100
2026-04-06 20:00:34,685.0000,640.0000,658.0000,658.2700,9.1800
2026-04-07 08:13:08,685.0000,630.0000,659.0000,658.9300,9.2200
2026-04-07 13:00:12,685.0000,630.0000,656.0000,655.9900,9.5300
2026-04-07 13:30:26,685.0000,630.0000,656.0000,656.4400,9.5300
2026-04-07 14:00:28,685.0000,630.0000,656.0000,654.8800,10.3900
2026-04-07 14:30:30,685.0000,630.0000,656.0000,652.6900,10.7300
2026-04-07 15:00:29,685.0000,630.0000,656.0000,654.1000,10.5700
2026-04-07 15:30:30,685.0000,630.0000,656.0000,651.8700,11.0100
2026-04-07 16:00:33,685.0000,630.0000,656.0000,652.7100,10.7100
2026-04-07 16:30:31,685.0000,630.0000,656.0000,655.0200,10.7200
2026-04-07 17:00:33,685.0000,630.0000,656.0000,656.3100,10.8000
2026-04-07 17:30:34,685.0000,630.0000,656.0000,656.1500,10.7500
2026-04-07 18:00:31,685.0000,630.0000,656.0000,656.8200,10.8600
2026-04-07 18:30:30,685.0000,630.0000,656.0000,656.4700,10.8700
2026-04-07 19:00:31,685.0000,630.0000,656.0000,655.4600,11.1300
2026-04-07 19:30:28,685.0000,630.0000,656.0000,654.4500,11.1000
2026-04-08 13:00:14,685.0000,630.0000,668.0000,676.0800,9.0100
2026-04-08 13:30:30,685.0000,630.0000,668.0000,676.7800,9.2100
2026-04-08 14:00:33,685.0000,640.0000,668.0000,675.1400,7.4700
2026-04-08 14:30:33,685.0000,640.0000,668.0000,675.1400,7.6600
2026-04-08 14:40:50,685.0000,630.0000,668.0000,674.5700,7.6500
2026-04-08 15:00:32,685.0000,630.0000,668.0000,673.4500,8.1500
2026-04-08 15:30:33,685.0000,630.0000,668.0000,672.9000,8.2500
2026-04-08 16:00:32,685.0000,640.0000,668.0000,674.4300,7.8600
2026-04-08 16:30:30,685.0000,640.0000,668.0000,674.8800,7.7100
2026-04-08 17:00:26,685.0000,640.0000,668.0000,675.8400,7.7400
2026-04-08 17:30:27,685.0000,640.0000,668.0000,675.8200,7.6400
2026-04-08 18:00:31,685.0000,630.0000,668.0000,675.5800,7.7700
2026-04-08 18:30:29,685.0000,640.0000,668.0000,676.4400,7.8300
2026-04-08 19:00:30,685.0000,630.0000,668.0000,674.1500,8.1700
2026-04-08 19:30:28,685.0000,640.0000,668.0000,674.2700,7.8400
2026-04-08 20:00:24,685.0000,640.0000,668.0000,674.7400,8.0900
2026-04-09 10:21:51,685.0000,650.0000,674.0000,673.6400,8.3100
2026-04-09 13:00:08,685.0000,650.0000,674.0000,674.3900,8.0500
2026-04-09 13:30:20,685.0000,650.0000,674.0000,674.3100,8.0200
2026-04-09 14:00:23,685.0000,650.0000,676.0000,675.5100,7.8400
2026-04-09 14:30:23,685.0000,650.0000,674.0000,674.8000,7.5700
2026-04-09 15:00:27,685.0000,650.0000,674.0000,674.2800,7.5300
2026-04-09 15:30:27,685.0000,650.0000,676.0000,675.6000,7.5900
2026-04-09 16:00:20,685.0000,650.0000,676.0000,677.5900,7.5500
2026-04-09 16:30:24,685.0000,650.0000,676.0000,679.6600,7.5200
2026-04-09 17:00:29,685.0000,650.0000,676.0000,679.3400,7.5300
2026-04-09 17:30:28,685.0000,650.0000,676.0000,680.4400,7.4700
2026-04-09 18:00:31,685.0000,650.0000,676.0000,680.6500,7.3900
2026-04-09 18:30:28,685.0000,650.0000,676.0000,679.1300,7.5000
2026-04-09 19:00:27,685.0000,650.0000,676.0000,678.9000,7.5200
2026-04-09 19:30:25,685.0000,650.0000,676.0000,680.0300,7.2800
2026-04-09 20:00:25,685.0000,650.0000,676.0000,680.4300,7.2600
2026-04-10 11:07:05,685.0000,665.0000,676.0000,680.2600,7.1800
2026-04-10 13:00:15,685.0000,665.0000,676.0000,681.1000,7.1600
2026-04-10 13:30:30,685.0000,665.0000,676.0000,681.1600,7.1600
2026-04-10 14:00:31,685.0000,665.0000,676.0000,680.6900,7.3000
2026-04-10 14:30:29,685.0000,665.0000,676.0000,681.2300,7.1700
2026-04-10 15:00:23,685.0000,665.0000,676.0000,681.1300,7.1100
2026-04-10 15:30:22,685.0000,665.0000,676.0000,681.5800,7.2300
2026-04-10 16:00:25,685.0000,665.0000,676.0000,680.3800,7.3800
2026-04-10 16:30:26,685.0000,665.0000,676.0000,679.9800,7.5400
2026-04-10 17:00:23,685.0000,665.0000,676.0000,678.6000,7.8500
2026-04-10 17:30:26,685.0000,665.0000,676.0000,679.1200,7.6800
2026-04-10 18:00:30,685.0000,665.0000,676.0000,679.1200,7.6300
2026-04-10 18:30:29,685.0000,665.0000,676.0000,679.0700,7.5300
2026-04-10 19:00:30,685.0000,665.0000,676.0000,679.1200,7.4100
2026-04-10 19:30:25,685.0000,665.0000,676.0000,679.9600,7.4200
2026-04-10 20:00:25,685.0000,665.0000,676.0000,679.2000,7.3400
2026-04-13 12:08:01,685.0000,665.0000,674.0000,674.9400,7.1600
2026-04-13 13:00:16,685.0000,665.0000,676.0000,675.5600,7.1500
2026-04-13 13:30:29,685.0000,665.0000,676.0000,676.6500,7.0800
2026-04-13 13:59:27,685.0000,665.0000,676.0000,677.0200,8.7200
2026-04-13 14:01:54,685.0000,665.0000,676.0000,676.8700,8.5600
2026-04-13 14:30:25,685.0000,665.0000,676.0000,679.0400,8.5100
2026-04-13 15:00:26,685.0000,665.0000,676.0000,680.0200,8.5300
2026-04-13 15:30:28,685.0000,665.0000,676.0000,680.1100,8.6300
2026-04-13 16:00:27,685.0000,665.0000,676.0000,679.5800,8.5200
2026-04-13 16:30:31,685.0000,665.0000,676.0000,679.9000,8.4900
2026-04-13 17:00:29,685.0000,665.0000,676.0000,681.6600,8.6600
2026-04-13 17:30:25,685.0000,665.0000,676.0000,682.2100,8.8300
2026-04-13 18:00:26,685.0000,665.0000,676.0000,682.2800,8.8200
2026-04-13 18:30:28,685.0000,665.0000,676.0000,682.5700,8.8400
2026-04-13 19:00:26,685.0000,665.0000,676.0000,682.7000,8.8400
2026-04-14 13:00:13,690.0000,665.0000,678.0000,688.1000,8.3100
2026-04-14 13:30:28,690.0000,665.0000,678.0000,687.9400,8.2900
2026-04-14 14:00:30,700.0000,665.0000,678.0000,689.7300,8.4600
2026-04-14 14:30:27,700.0000,665.0000,678.0000,690.7600,8.5900
2026-04-14 15:00:28,700.0000,665.0000,678.0000,690.9500,8.6400
2026-04-14 15:30:32,700.0000,665.0000,678.0000,690.9900,8.7400
2026-04-14 16:00:32,700.0000,665.0000,678.0000,692.8000,8.9400
2026-04-14 18:06:15,700.0000,665.0000,678.0000,693.9900,9.2700
2026-04-14 18:30:30,700.0000,665.0000,678.0000,693.5200,9.1300
2026-04-14 19:00:28,700.0000,665.0000,678.0000,692.5300,9.1100
2026-04-14 19:30:28,700.0000,665.0000,678.0000,693.5500,9.2600
2026-04-14 20:00:30,700.0000,665.0000,678.0000,694.0700,9.2700
2026-04-15 06:05:04,700.0000,665.0000,678.0000,694.4600,9.1400
2026-04-15 10:47:36,700.0000,665.0000,692.0000,693.2500,9.0200
2026-04-15 10:53:48,700.0000,665.0000,692.0000,693.2800,9.0200
2026-04-15 10:57:45,700.0000,665.0000,692.0000,693.2800,9.0200
2026-04-15 13:00:13,700.0000,665.0000,692.0000,694.8100,8.7800
2026-04-15 13:30:27,700.0000,665.0000,692.0000,694.8800,8.7800
2026-04-15 14:00:28,700.0000,665.0000,692.0000,695.3600,9.3200
2026-04-15 14:30:29,700.0000,665.0000,692.0000,696.0600,9.2800
2026-04-15 15:00:25,700.0000,665.0000,692.0000,696.7000,9.3800
2026-04-15 15:30:24,700.0000,665.0000,692.0000,697.2300,9.5300
2026-04-15 16:00:25,700.0000,665.0000,692.0000,697.5400,9.7800
2026-04-15 16:30:25,700.0000,665.0000,692.0000,697.3900,9.7600
2026-04-15 17:00:28,700.0000,665.0000,692.0000,696.4900,9.7800
2026-04-15 17:30:27,700.0000,665.0000,692.0000,697.2100,9.7200
2026-04-15 18:00:24,700.0000,665.0000,692.0000,697.4200,9.8300
2026-04-15 18:30:26,700.0000,665.0000,692.0000,698.3400,10.0100
2026-04-15 19:00:31,700.0000,665.0000,692.0000,698.8900,9.9900
2026-04-15 19:30:29,700.0000,665.0000,692.0000,699.5500,10.2100
2026-04-15 20:00:29,700.0000,665.0000,692.0000,699.6500,10.1600
2026-04-16 11:00:09,705.0000,665.0000,698.0000,700.2600,9.1200
2026-04-16 13:00:11,705.0000,665.0000,698.0000,700.8700,9.1300
2026-04-16 13:30:21,705.0000,665.0000,698.0000,700.9800,9.1200
2026-04-16 14:00:20,705.0000,665.0000,698.0000,700.5900,10.5200
2026-04-16 14:30:22,700.0000,665.0000,698.0000,699.7400,11.2500
2026-04-16 15:00:26,700.0000,665.0000,698.0000,699.3600,11.3600
2026-04-16 15:30:26,705.0000,665.0000,698.0000,701.3500,10.5300
2026-04-16 16:00:21,705.0000,665.0000,698.0000,701.3700,10.8300
2026-04-16 16:30:22,705.0000,665.0000,698.0000,702.4100,11.1100
2026-04-16 17:00:24,705.0000,665.0000,698.0000,701.3100,11.0200
2026-04-16 17:30:26,705.0000,665.0000,698.0000,700.1000,10.7800
2026-04-16 18:00:28,705.0000,665.0000,698.0000,701.3800,10.9400
2026-04-16 18:30:27,705.0000,665.0000,698.0000,700.5400,10.8200
2026-04-16 19:00:28,705.0000,665.0000,698.0000,700.7800,10.5100
2026-04-16 19:30:28,705.0000,665.0000,698.0000,700.7100,10.4700
2026-04-16 20:00:25,705.0000,665.0000,698.0000,701.4400,10.2300
2026-04-17 08:51:46,707.0000,691.0000,699.0000,701.6600,9.4100
2026-04-17 09:12:09,707.0000,691.0000,699.0000,703.0500,9.4100
2026-04-17 09:17:16,707.0000,691.0000,699.0000,703.2200,9.3200
2026-04-17 09:21:30,707.0000,691.0000,699.0000,703.2200,9.3200
2026-04-17 10:49:09,707.0000,691.0000,699.0000,703.2500,9.3200
2026-04-17 10:50:25,707.0000,691.0000,699.0000,703.2500,9.3200
2026-04-17 12:58:47,707.0000,691.0000,699.0000,705.1600,9.2800
2026-04-17 13:00:08,707.0000,691.0000,699.0000,705.1600,9.2800
2026-04-17 13:00:23,707.0000,691.0000,699.0000,705.1600,9.2800
2026-04-17 13:01:48,707.0000,691.0000,699.0000,705.9300,8.7600
2026-04-17 13:05:01,707.0000,691.0000,699.0000,706.7000,8.7300
2026-04-17 13:30:25,710.0000,691.0000,699.0000,708.3300,8.7100
2026-04-17 13:48:30,707.0000,698.0000,699.0000,706.7800,11.7100
2026-04-17 13:55:46,707.0000,691.0000,699.0000,706.9700,13.7800
2026-04-17 13:57:41,707.0000,691.0000,699.0000,706.7800,13.2700
2026-04-17 14:00:06,707.0000,698.0000,699.0000,706.8500,16.7700
2026-04-17 14:00:28,710.0000,691.0000,699.0000,707.1000,14.6400
2026-04-17 14:01:17,710.0000,691.0000,699.0000,707.2200,15.5700
2026-04-17 14:03:56,707.0000,691.0000,699.0000,706.2600,17.2400
2026-04-17 14:04:36,707.0000,698.0000,699.0000,706.9900,17.0500
2026-04-17 14:07:55,710.0000,691.0000,699.0000,707.6600,14.0700
2026-04-17 14:15:01,710.0000,691.0000,699.0000,708.2400,17.5500
2026-04-17 14:16:00,710.0000,691.0000,699.0000,708.2400,16.3300
2026-04-17 14:19:55,710.0000,691.0000,699.0000,708.6400,15.8100
2026-04-17 14:22:53,710.0000,691.0000,699.0000,708.9800,12.8500
2026-04-17 14:24:36,710.0000,691.0000,699.0000,709.0000,17.1200
2026-04-17 14:30:24,710.0000,691.0000,699.0000,709.0900,16.7400
2026-04-17 14:30:25,710.0000,691.0000,699.0000,709.0900,16.7400
2026-04-17 14:33:32,710.0000,691.0000,699.0000,708.8900,17.3300
2026-04-17 14:34:03,710.0000,691.0000,699.0000,708.8900,17.3300
2026-04-17 14:38:09,710.0000,691.0000,699.0000,709.2500,18.4400
2026-04-17 14:48:46,710.0000,698.0000,699.0000,709.6800,13.3900
2026-04-17 14:50:49,710.0000,698.0000,699.0000,709.9700,12.7700
2026-04-17 14:59:04,711.0000,698.0000,699.0000,710.9700,13.1100
2026-04-17 15:00:26,711.0000,691.0000,699.0000,710.7900,16.5200
2026-04-17 15:00:28,711.0000,691.0000,699.0000,710.7900,16.5200
2026-04-17 15:05:40,715.0000,691.0000,699.0000,711.2600,14.9900
2026-04-17 15:06:02,715.0000,691.0000,699.0000,711.2600,14.9900
2026-04-17 15:08:12,715.0000,691.0000,699.0000,711.1900,17.3700
2026-04-17 15:12:30,711.0000,691.0000,699.0000,710.7200,19.3700
2026-04-17 15:12:56,711.0000,691.0000,699.0000,710.7200,19.3700
2026-04-17 15:16:08,711.0000,691.0000,699.0000,710.4800,20.3200
2026-04-17 15:17:33,711.0000,691.0000,699.0000,710.5900,19.6000
2026-04-17 15:19:22,711.0000,691.0000,699.0000,710.8600,19.2100
2026-04-17 15:24:51,711.0000,691.0000,699.0000,710.9600,18.0500
2026-04-17 15:30:31,711.0000,691.0000,699.0000,710.3000,20.2100
2026-04-17 15:30:32,711.0000,691.0000,699.0000,710.3000,20.2100
2026-04-17 15:31:42,711.0000,691.0000,699.0000,710.5700,19.3800
2026-04-17 15:32:18,711.0000,691.0000,699.0000,710.5700,19.3800
2026-04-17 15:33:59,711.0000,691.0000,699.0000,710.5000,18.4100
2026-04-17 15:45:14,711.0000,698.0000,699.0000,710.6000,19.8000
2026-04-17 15:46:52,711.0000,698.0000,699.0000,710.6800,19.8500
2026-04-17 15:51:09,715.0000,698.0000,699.0000,711.2100,16.9600
2026-04-17 15:51:53,715.0000,698.0000,699.0000,711.3000,13.9600
2026-04-17 15:55:17,715.0000,698.0000,699.0000,711.2500,13.9900
2026-04-17 15:58:27,711.0000,698.0000,699.0000,710.8400,14.6300
2026-04-17 15:59:59,711.0000,697.0000,699.0000,710.4900,17.7700
2026-04-17 16:00:25,711.0000,697.0000,699.0000,710.4900,17.7700
2026-04-17 16:01:11,711.0000,698.0000,699.0000,710.5300,17.0700
2026-04-17 16:25:04,712.0000,698.0000,699.0000,711.3600,13.6100
2026-04-17 16:30:26,712.0000,698.0000,699.0000,711.4800,14.1800
2026-04-17 16:30:28,712.0000,698.0000,699.0000,711.4800,14.1800
2026-04-17 16:42:18,712.0000,698.0000,699.0000,711.4700,17.3200
2026-04-17 16:45:35,712.0000,698.0000,699.0000,711.5600,16.9600
2026-04-17 16:46:25,712.0000,698.0000,699.0000,711.5600,16.9600
2026-04-17 16:49:10,715.0000,698.0000,699.0000,711.9700,13.4600
2026-04-17 16:56:33,715.0000,698.0000,699.0000,711.9700,13.7500
2026-04-17 17:00:32,715.0000,698.0000,699.0000,712.0800,14.7200
2026-04-17 17:05:03,715.0000,698.0000,699.0000,712.2600,15.7500
2026-04-17 17:15:47,715.0000,698.0000,699.0000,712.0000,22.7100
2026-04-17 17:30:29,712.0000,698.0000,699.0000,711.1600,24.0000
2026-04-17 18:00:30,710.0000,698.0000,699.0000,709.7900,26.9900
2026-04-17 18:30:31,710.0000,698.0000,699.0000,709.3900,28.8600
2026-04-17 19:00:30,710.0000,698.0000,699.0000,709.9600,31.4400
2026-04-17 19:30:27,710.0000,698.0000,699.0000,709.1600,33.8400
2026-04-17 20:00:26,711.0000,665.0000,699.0000,710.3000,28.0600
2026-04-20 08:40:05,723.0000,660.0000,689.0000,710.1400,7.0700
2026-04-20 13:10:26,723.0000,660.0000,708.0000,707.7500,7.0100
2026-04-20 13:27:40,723.0000,660.0000,708.0000,708.0200,7.0100
2026-04-20 13:30:29,723.0000,660.0000,708.0000,708.1400,7.0100
2026-04-20 13:52:05,723.0000,660.0000,708.0000,709.2500,7.9100
2026-04-20 14:00:29,723.0000,660.0000,708.0000,708.8800,7.9200
2026-04-20 14:27:21,723.0000,660.0000,708.0000,709.2200,8.0800
2026-04-20 14:30:24,723.0000,660.0000,708.0000,709.1700,8.0700
2026-04-20 14:44:36,723.0000,660.0000,708.0000,709.0000,8.0600
2026-04-20 15:00:26,723.0000,660.0000,708.0000,708.0800,8.0600
2026-04-20 15:30:23,723.0000,660.0000,706.0000,706.4700,8.2200
2026-04-20 16:00:27,723.0000,660.0000,708.0000,707.5400,8.1600
2026-04-20 16:30:25,723.0000,660.0000,708.0000,707.5800,8.0800
2026-04-20 17:00:17,723.0000,660.0000,708.0000,707.8100,7.9400
2026-04-20 17:30:24,723.0000,660.0000,708.0000,708.0700,7.9300
2026-04-20 18:00:31,723.0000,660.0000,708.0000,707.9200,7.9800
2026-04-20 18:30:27,723.0000,660.0000,708.0000,708.1800,7.9500
2026-04-20 18:33:12,723.0000,660.0000,708.0000,708.2500,7.9600
2026-04-20 19:00:24,723.0000,660.0000,708.0000,708.1600,7.8600
2026-04-20 19:30:24,723.0000,660.0000,708.0000,708.4100,8.0000
2026-04-20 20:00:31,723.0000,660.0000,708.0000,707.7100,7.8800
2026-04-21 08:12:55,723.0000,660.0000,708.0000,708.7200,7.8800
2026-04-21 08:44:11,723.0000,660.0000,708.0000,708.7200,7.8800
2026-04-21 11:31:23,723.0000,660.0000,708.0000,711.4100,7.5900
2026-04-21 13:00:14,723.0000,660.0000,708.0000,710.6800,7.5800
2026-04-21 13:30:29,723.0000,660.0000,708.0000,710.1900,7.8400
2026-04-21 14:00:30,723.0000,660.0000,708.0000,709.7600,8.2700
2026-04-21 14:30:29,723.0000,660.0000,708.0000,711.0600,7.8900
2026-04-21 15:00:27,723.0000,660.0000,708.0000,709.7800,8.0600
2026-04-21 15:18:32,723.0000,660.0000,706.0000,706.5700,8.3500
2026-04-21 15:30:29,723.0000,660.0000,708.0000,707.8800,8.2600
2026-04-21 16:00:27,723.0000,660.0000,708.0000,707.0400,8.4600
2026-04-21 16:30:25,723.0000,660.0000,706.0000,706.7000,8.4300
2026-04-21 17:00:28,723.0000,660.0000,706.0000,705.8000,8.5800
2026-04-21 17:30:32,723.0000,660.0000,706.0000,704.7400,9.0200
2026-04-21 18:00:33,723.0000,660.0000,706.0000,706.7000,8.6200
2026-04-21 18:30:30,723.0000,660.0000,706.0000,705.7300,8.4800
2026-04-21 19:00:31,723.0000,660.0000,706.0000,705.4900,8.5600
2026-04-21 19:30:33,723.0000,660.0000,708.0000,707.0900,8.3300
2026-04-21 20:00:31,723.0000,660.0000,701.0000,702.9400,9.0400
2026-04-22 07:44:12,723.0000,660.0000,706.0000,704.0800,8.3800
2026-04-22 13:00:13,710.0000,701.0000,709.0000,708.6200,9.3700
2026-04-22 13:30:38,710.0000,701.0000,709.0000,708.3800,9.2500
2026-04-22 14:00:37,710.0000,701.0000,709.0000,708.8000,9.2500
2026-04-22 14:30:28,715.0000,701.0000,709.0000,710.2300,9.2400
2026-04-22 15:35:50,710.0000,701.0000,709.0000,709.9000,9.1900
2026-04-22 16:00:27,710.0000,701.0000,709.0000,709.4300,9.1700
2026-04-22 16:30:23,710.0000,701.0000,709.0000,709.8000,9.1700
2026-04-22 17:00:26,710.0000,701.0000,709.0000,709.1400,9.1100
2026-04-22 17:30:30,710.0000,701.0000,709.0000,709.9200,9.2200
2026-04-22 18:00:27,715.0000,701.0000,709.0000,710.2700,9.1300
2026-04-22 18:30:27,715.0000,701.0000,709.0000,710.0000,9.0400
2026-04-22 19:00:30,710.0000,701.0000,709.0000,709.9300,8.9700
2026-04-22 19:30:30,710.0000,701.0000,709.0000,709.9200,8.9000
2026-04-22 20:00:30,715.0000,701.0000,709.0000,710.4500,8.9000
2026-04-23 08:21:36,715.0000,701.0000,709.0000,711.2100,8.7200
2026-04-23 09:24:16,715.0000,700.0000,710.0000,706.9400,8.5100
2026-04-23 13:00:15,715.0000,700.0000,710.0000,709.9700,8.5100
2026-04-23 13:30:28,715.0000,700.0000,710.0000,709.2900,8.6100
2026-04-23 13:42:29,710.0000,450.0000,nan,709.0500,nan
2026-04-23 14:00:29,715.0000,700.0000,710.0000,710.5800,9.6600
2026-04-23 14:30:30,715.0000,700.0000,710.0000,710.1900,9.4900
2026-04-23 15:00:28,715.0000,700.0000,710.0000,711.1100,9.4100
2026-04-23 15:30:28,715.0000,700.0000,710.0000,711.7000,9.3700
2026-04-23 16:00:30,715.0000,700.0000,710.0000,711.3200,9.5700
2026-04-23 16:30:29,715.0000,700.0000,710.0000,710.9500,9.4600
2026-04-23 17:00:28,715.0000,700.0000,710.0000,710.9500,9.3900
2026-04-23 17:30:26,715.0000,700.0000,710.0000,707.7800,10.1600
2026-04-23 18:00:27,715.0000,700.0000,697.5000,703.6300,11.7400
2026-04-23 18:30:29,715.0000,700.0000,710.0000,707.8400,10.2900
2026-04-23 19:00:27,715.0000,700.0000,710.0000,708.6100,10.2300
2026-04-23 19:30:27,715.0000,700.0000,710.0000,708.1500,9.7900
2026-04-23 20:00:28,715.0000,700.0000,710.0000,707.4100,9.5700
2026-04-24 06:59:03,715.0000,700.0000,710.0000,708.4500,9.6000
2026-04-24 12:01:03,715.0000,700.0000,711.0000,712.1900,9.1900
2026-04-24 12:21:17,715.0000,700.0000,711.0000,711.6900,9.1800
2026-04-24 13:00:15,715.0000,700.0000,711.0000,711.1400,9.2700
2026-04-24 13:28:50,715.0000,700.0000,711.0000,711.0800,9.2400
2026-04-24 13:30:30,715.0000,700.0000,711.0000,711.0600,9.2300
2026-04-24 14:10:19,715.0000,703.0000,709.0000,709.7900,13.9600
2026-04-24 14:30:29,715.0000,703.0000,709.0000,709.9400,15.0800
2026-04-24 15:00:28,715.0000,703.0000,711.0000,711.0500,13.6500
2026-04-24 15:30:26,715.0000,703.0000,711.0000,711.7000,12.3900
2026-04-24 16:00:27,713.0000,703.0000,711.0000,711.8400,12.8400
2026-04-24 16:30:32,715.0000,703.0000,711.0000,713.2500,15.1200
2026-04-24 17:00:32,715.0000,703.0000,711.0000,713.0000,19.4300
2026-04-24 17:32:00,715.0000,703.0000,711.0000,713.1100,20.8600
2026-04-24 18:02:01,715.0000,703.0000,711.0000,713.5600,15.6500
2026-04-24 18:30:29,715.0000,703.0000,711.0000,713.3900,18.2800
2026-04-24 19:00:30,715.0000,700.0000,711.0000,713.2800,18.8200
2026-04-24 19:30:32,715.0000,700.0000,711.0000,714.2300,20.7900
2026-04-24 20:00:30,715.0000,700.0000,711.0000,713.8300,40.8500
2026-04-27 06:57:45,723.0000,699.0000,710.0000,713.9400,7.8000
2026-04-27 13:00:14,723.0000,699.0000,712.0000,713.5000,7.8200
2026-04-27 13:30:32,723.0000,699.0000,712.0000,713.2500,7.8100
2026-04-27 14:00:32,723.0000,699.0000,712.0000,713.6900,9.7600
2026-04-27 14:30:28,723.0000,699.0000,712.0000,713.8800,9.4800
2026-04-27 15:00:29,723.0000,699.0000,712.0000,713.9200,9.4600
2026-04-27 15:30:29,723.0000,699.0000,712.0000,712.8600,9.4400
2026-04-27 16:00:27,723.0000,699.0000,712.0000,713.2300,9.3800
2026-04-27 16:30:28,723.0000,699.0000,712.0000,713.8600,9.3900
2026-04-27 18:07:49,723.0000,699.0000,712.0000,714.8500,9.5700
2026-04-27 18:30:36,723.0000,699.0000,712.0000,715.1100,9.5600
2026-04-27 19:00:30,723.0000,699.0000,712.0000,714.9600,9.6000
2026-04-27 19:30:32,723.0000,699.0000,712.0000,714.9200,9.3900
2026-04-27 20:00:31,723.0000,699.0000,712.0000,715.1500,9.2800
2026-04-28 12:34:24,723.0000,699.0000,710.0000,710.4000,9.0700
2026-04-28 13:00:28,723.0000,699.0000,710.0000,710.2700,9.0800
2026-04-28 13:30:28,723.0000,699.0000,710.0000,710.9000,8.7600
2026-04-28 13:55:41,723.0000,699.0000,712.0000,712.0400,10.2500
2026-04-28 14:00:28,723.0000,699.0000,712.0000,712.2900,10.0900
2026-04-28 14:02:15,723.0000,699.0000,712.0000,712.2600,10.1900
2026-04-28 14:07:38,723.0000,699.0000,712.0000,712.2100,10.2500
2026-04-28 14:30:32,723.0000,699.0000,712.0000,711.6500,10.1500
2026-04-28 14:35:13,723.0000,699.0000,712.0000,711.4500,10.2200
2026-04-28 15:00:32,723.0000,699.0000,710.0000,710.3600,10.4900
2026-04-28 15:30:25,715.0000,699.0000,710.0000,710.6000,10.0200
2026-04-28 16:00:26,715.0000,699.0000,710.0000,709.7800,10.1900
2026-04-28 16:05:41,715.0000,699.0000,710.0000,709.6400,10.3300
2026-04-28 16:30:28,715.0000,699.0000,710.0000,710.3500,10.3100
2026-04-28 16:38:22,715.0000,699.0000,710.0000,710.3800,10.2000
2026-04-28 16:45:45,715.0000,699.0000,710.0000,710.4200,10.2500
2026-04-28 17:00:31,715.0000,699.0000,710.0000,709.5400,10.0100
2026-04-28 17:30:29,715.0000,699.0000,710.0000,709.9700,10.1500
2026-04-28 18:00:29,715.0000,699.0000,710.0000,710.7100,9.6800
2026-04-28 18:30:30,715.0000,699.0000,712.0000,711.0600,9.7600
2026-04-28 19:00:32,715.0000,699.0000,712.0000,711.2500,9.5400
2026-04-28 19:30:29,715.0000,699.0000,712.0000,711.9900,9.3400
2026-04-28 20:00:34,715.0000,699.0000,712.0000,711.7400,9.3100
2026-04-29 05:28:46,715.0000,699.0000,712.0000,711.6900,9.2500
2026-04-29 08:40:05,715.0000,699.0000,712.0000,711.6900,9.2500
2026-04-29 08:44:34,715.0000,699.0000,712.0000,711.6900,9.2500
2026-04-29 08:46:40,715.0000,699.0000,712.0000,711.6900,9.2500
2026-04-29 08:50:31,715.0000,699.0000,712.0000,711.6900,9.2500
2026-04-29 13:00:16,715.0000,699.0000,713.0000,711.6100,9.1600
2026-04-29 13:30:32,715.0000,699.0000,713.0000,711.7100,9.1500
2026-04-29 14:00:31,715.0000,699.0000,710.0000,709.7900,11.6500
2026-04-29 14:30:30,715.0000,699.0000,710.0000,711.0600,11.2600
2026-04-29 15:00:26,715.0000,699.0000,713.0000,711.7600,11.3400
2026-04-29 15:30:28,715.0000,699.0000,710.0000,710.3500,11.6700
2026-04-29 16:00:31,715.0000,699.0000,710.0000,710.6800,11.3100
2026-04-29 16:30:29,715.0000,699.0000,710.0000,710.3300,11.6600
2026-04-29 17:00:31,715.0000,699.0000,710.0000,709.7300,12.2000
2026-04-29 17:30:33,715.0000,699.0000,710.0000,709.5800,12.1300
2026-04-29 18:00:36,715.0000,699.0000,710.0000,710.1300,12.0900
2026-04-29 18:30:35,715.0000,699.0000,710.0000,708.9800,12.3700
2026-04-29 19:00:31,715.0000,699.0000,710.0000,708.7600,12.4200
2026-04-29 19:30:30,715.0000,699.0000,710.0000,711.1300,11.1300
2026-04-29 20:00:25,715.0000,699.0000,710.0000,710.5500,11.1800
2026-04-30 05:24:49,715.0000,699.0000,713.0000,711.5800,10.3400
2026-04-30 13:43:13,715.0000,430.0000,nan,714.7600,nan
2026-04-30 14:00:28,715.0000,709.0000,713.0000,712.5800,15.8700
2026-04-30 14:30:31,715.0000,709.0000,711.0000,711.4500,16.6800
2026-04-30 15:00:30,715.0000,709.0000,713.0000,712.5100,16.0200
2026-04-30 15:30:23,715.0000,709.0000,713.0000,714.1900,15.5600
2026-04-30 15:43:14,715.0000,709.0000,713.0000,714.4100,17.9100
2026-04-30 16:00:31,715.0000,709.0000,713.0000,713.8300,17.2200
2026-04-30 16:06:52,715.0000,709.0000,713.0000,714.2800,16.9400
2026-04-30 16:21:10,715.0000,709.0000,713.0000,714.6400,14.9100
2026-04-30 16:30:47,720.0000,709.0000,713.0000,715.3200,14.1900
2026-04-30 16:55:09,720.0000,709.0000,713.0000,715.0600,14.5000
2026-04-30 17:00:30,715.0000,709.0000,713.0000,714.9700,15.6200
2026-04-30 17:08:30,715.0000,709.0000,713.0000,714.3500,20.8000
2026-04-30 17:17:56,720.0000,709.0000,713.0000,715.0900,15.3100
2026-04-30 17:30:30,720.0000,709.0000,713.0000,715.6200,14.9300
2026-04-30 17:48:10,720.0000,699.0000,713.0000,716.1600,16.4400
2026-04-30 18:00:27,720.0000,699.0000,713.0000,716.4600,17.6300
2026-04-30 18:30:26,720.0000,699.0000,713.0000,717.7900,18.3800
2026-04-30 19:00:28,720.0000,699.0000,713.0000,718.5900,20.0200
2026-04-30 19:30:32,720.0000,699.0000,710.0000,719.3000,27.8500
2026-04-30 20:00:26,720.0000,699.0000,713.0000,719.3500,30.4100
2026-04-30 20:29:45,720.0000,699.0000,713.0000,719.1800,46.6200
2026-05-01 12:44:59,730.0000,690.0000,720.0000,721.5000,7.1400
2026-05-01 13:00:22,730.0000,690.0000,720.0000,720.7400,7.2500
2026-05-01 13:30:20,730.0000,690.0000,720.0000,721.0000,7.2500
2026-05-01 14:00:22,730.0000,690.0000,720.0000,722.3600,7.1600
2026-05-01 14:30:24,730.0000,690.0000,720.0000,724.4100,7.1000
2026-05-01 15:00:22,730.0000,690.0000,720.0000,723.1600,7.1400
2026-05-01 15:30:22,730.0000,690.0000,720.0000,722.9100,7.2200
2026-05-01 16:00:25,730.0000,690.0000,720.0000,724.0100,7.2000
2026-05-01 16:30:29,730.0000,690.0000,720.0000,722.5100,7.2200
2026-05-01 17:00:25,730.0000,690.0000,720.0000,721.8000,7.1600
2026-05-01 17:30:23,730.0000,690.0000,720.0000,722.4700,7.1300
2026-05-01 18:00:24,730.0000,690.0000,720.0000,722.8800,7.1800
2026-05-01 18:30:24,730.0000,690.0000,720.0000,721.8200,7.1700
2026-05-01 19:00:24,730.0000,690.0000,720.0000,721.2000,7.1300
2026-05-01 19:30:26,730.0000,690.0000,720.0000,722.0900,7.1200
2026-05-01 20:00:27,730.0000,690.0000,720.0000,722.1200,6.9400
2026-05-04 04:00:10,730.0000,690.0000,720.0000,720.6500,7.1000
2026-05-04 07:25:34,730.0000,690.0000,720.0000,720.6500,7.1000
2026-05-04 13:00:13,730.0000,680.0000,720.0000,720.2600,7.0500
2026-05-04 13:23:48,730.0000,680.0000,720.0000,719.7600,7.1200
2026-05-04 13:30:30,730.0000,680.0000,720.0000,719.8400,7.1200
2026-05-04 14:00:24,730.0000,680.0000,720.0000,720.2000,7.5800
2026-05-04 14:30:22,730.0000,680.0000,720.0000,721.1600,7.4300
2026-05-04 15:00:27,730.0000,680.0000,720.0000,722.0000,7.3600
2026-05-04 15:07:23,730.0000,680.0000,720.0000,721.9300,7.4200
2026-05-04 16:27:45,730.0000,680.0000,717.0000,716.2400,8.2500
2026-05-04 16:30:33,730.0000,680.0000,717.0000,715.8800,8.1600
2026-05-04 17:00:29,730.0000,680.0000,717.0000,717.2000,8.1800
2026-05-04 17:30:29,730.0000,680.0000,717.0000,717.4300,8.1000
2026-05-04 18:00:32,730.0000,680.0000,717.0000,718.2400,8.0100
2026-05-04 18:30:33,730.0000,680.0000,717.0000,718.4900,7.8900
2026-05-04 19:00:35,730.0000,680.0000,717.0000,717.1100,7.9600
2026-05-04 19:30:31,730.0000,680.0000,717.0000,717.9700,7.9500
2026-05-04 20:00:29,730.0000,680.0000,717.0000,717.7800,7.8200
2026-05-05 06:54:00,730.0000,680.0000,717.0000,718.0100,7.7900
2026-05-05 13:00:14,730.0000,690.0000,720.0000,721.3200,7.6200
2026-05-05 13:30:28,730.0000,690.0000,720.0000,721.6500,7.6200
2026-05-05 14:00:27,730.0000,690.0000,720.0000,722.2600,7.5100
2026-05-05 14:30:22,730.0000,690.0000,720.0000,722.4500,7.5100
2026-05-05 15:00:25,730.0000,690.0000,720.0000,722.9400,7.5500
2026-05-05 15:30:31,730.0000,690.0000,720.0000,723.6500,7.6600
2026-05-05 16:00:31,730.0000,690.0000,720.0000,723.1400,7.6600
2026-05-05 16:30:28,730.0000,690.0000,720.0000,723.5300,7.5900
2026-05-05 17:00:31,730.0000,690.0000,720.0000,723.3500,7.6000
2026-05-05 17:30:33,730.0000,690.0000,720.0000,723.3100,7.5400
2026-05-05 18:00:26,730.0000,690.0000,720.0000,723.8800,7.4700
2026-05-05 18:30:29,730.0000,690.0000,720.0000,724.5100,7.5000
2026-05-05 19:00:37,730.0000,690.0000,720.0000,724.2600,7.4900
2026-05-05 19:30:37,730.0000,690.0000,720.0000,724.7500,7.4200
2026-05-05 20:00:33,730.0000,690.0000,720.0000,724.6600,7.4700
2026-05-06 09:21:43,730.0000,690.0000,720.0000,728.4100,7.0900
2026-05-06 13:00:17,730.0000,690.0000,720.0000,729.0500,7.0400
2026-05-06 13:30:35,730.0000,690.0000,720.0000,728.6400,7.0400
2026-05-06 14:00:27,730.0000,690.0000,720.0000,729.2000,7.3400
2026-05-06 14:30:27,730.0000,690.0000,720.0000,729.9900,7.3000
2026-05-06 15:00:34,740.0000,690.0000,720.0000,731.9000,7.3900
2026-05-06 15:30:26,740.0000,690.0000,720.0000,731.5600,7.5700
2026-05-06 16:00:24,740.0000,690.0000,720.0000,731.1200,7.6000
2026-05-06 16:30:25,740.0000,690.0000,720.0000,731.9500,7.4700
2026-05-06 17:00:29,740.0000,690.0000,720.0000,731.6600,7.4800
2026-05-06 17:30:34,740.0000,690.0000,720.0000,731.5900,7.3900
2026-05-06 18:00:34,740.0000,690.0000,720.0000,731.9300,7.3000
2026-05-06 18:30:37,740.0000,690.0000,720.0000,732.7100,7.2900
2026-05-06 19:00:32,740.0000,690.0000,720.0000,733.1700,7.4100
2026-05-06 19:30:31,740.0000,690.0000,720.0000,733.7500,7.5400
2026-05-06 20:00:34,740.0000,690.0000,720.0000,733.7100,7.6000
2026-05-07 13:00:14,740.0000,690.0000,735.0000,735.3900,7.6000
2026-05-07 13:30:30,740.0000,690.0000,735.0000,734.9200,7.5900
2026-05-07 14:00:32,740.0000,690.0000,735.0000,734.3800,7.5400
2026-05-07 14:30:33,740.0000,690.0000,735.0000,734.7100,7.4500
2026-05-07 15:00:35,740.0000,690.0000,735.0000,735.2800,7.4400
2026-05-07 15:30:33,740.0000,690.0000,735.0000,735.4100,7.5100
2026-05-07 16:00:26,740.0000,690.0000,735.0000,735.3600,7.5200
2026-05-07 16:30:28,740.0000,690.0000,733.0000,732.7800,7.5100
2026-05-07 17:00:36,740.0000,690.0000,733.0000,732.6900,7.4300
2026-05-07 17:30:12,740.0000,690.0000,733.0000,732.0000,7.5000
2026-05-07 17:31:30,740.0000,690.0000,731.0000,731.7100,7.4900
2026-05-07 18:00:35,740.0000,690.0000,731.0000,730.8400,7.4300
2026-05-07 18:07:22,740.0000,690.0000,731.0000,730.5900,7.4200
2026-05-07 18:30:28,740.0000,690.0000,731.0000,731.6300,7.2800
2026-05-07 19:00:29,740.0000,690.0000,731.0000,730.9500,7.2100
2026-05-07 19:30:33,740.0000,690.0000,731.0000,731.3000,7.2700
2026-05-07 20:00:33,740.0000,690.0000,731.0000,731.2400,7.3000
2026-05-08 09:00:54,740.0000,690.0000,731.0000,731.5800,7.3100
2026-05-08 13:00:16,740.0000,725.0000,735.0000,736.2700,7.1500
2026-05-08 13:30:33,735.0000,725.0000,735.0000,734.6500,7.1800
2026-05-08 14:00:33,740.0000,725.0000,735.0000,735.6500,7.4500
2026-05-08 14:30:34,740.0000,725.0000,735.0000,736.7700,7.7600
2026-05-08 15:00:35,740.0000,725.0000,735.0000,736.9800,7.5300
2026-05-08 15:30:31,740.0000,725.0000,735.0000,736.5100,7.7300
2026-05-08 16:00:26,740.0000,725.0000,735.0000,736.8000,7.7300
2026-05-08 16:30:30,740.0000,725.0000,735.0000,737.2800,7.3900
2026-05-08 17:00:35,740.0000,725.0000,735.0000,736.9600,7.3000
2026-05-08 17:30:36,740.0000,725.0000,735.0000,737.2500,7.3800
2026-05-08 18:00:32,740.0000,725.0000,735.0000,737.3200,7.4400
2026-05-08 18:30:26,740.0000,725.0000,735.0000,737.7700,7.4000
2026-05-08 19:00:29,740.0000,725.0000,735.0000,737.3900,7.4000
2026-05-08 19:30:34,740.0000,725.0000,735.0000,736.7400,7.6300
2026-05-08 20:00:31,740.0000,725.0000,735.0000,737.3700,7.0000
2026-05-11 07:07:39,740.0000,725.0000,735.0000,737.6200,7.0600
2026-05-11 09:32:45,740.0000,725.0000,736.0000,737.0000,6.9800
2026-05-11 13:00:17,740.0000,725.0000,736.0000,736.7000,7.3000
2026-05-11 13:30:32,740.0000,725.0000,736.0000,736.6500,7.3000
2026-05-11 14:00:32,740.0000,725.0000,738.0000,738.6200,8.6400
2026-05-11 14:16:37,740.0000,725.0000,738.0000,738.6400,8.5700
2026-05-11 14:30:34,740.0000,725.0000,738.0000,739.0500,8.5700
2026-05-11 15:00:34,740.0000,725.0000,738.0000,738.9500,8.5000
2026-05-11 15:30:32,740.0000,725.0000,738.0000,739.0400,8.4500
2026-05-11 15:41:05,740.0000,725.0000,738.0000,739.7000,8.5700
2026-05-11 16:00:32,740.0000,725.0000,738.0000,739.8500,8.5400
2026-05-11 16:30:33,745.0000,725.0000,738.0000,740.1600,8.6200
2026-05-11 17:00:34,740.0000,725.0000,738.0000,739.7700,8.6100
2026-05-11 17:30:33,740.0000,725.0000,738.0000,739.0800,8.6300
2026-05-11 18:00:26,745.0000,725.0000,738.0000,740.5900,8.7900
2026-05-11 18:30:29,745.0000,725.0000,738.0000,740.3100,8.7300
2026-05-11 19:00:35,740.0000,725.0000,738.0000,739.8100,8.6800
2026-05-11 19:30:34,740.0000,725.0000,738.0000,738.7000,8.6600
2026-05-11 20:00:33,740.0000,725.0000,738.0000,738.2200,8.7900
2026-05-12 09:38:35,745.0000,725.0000,736.0000,736.2000,9.0100
2026-05-12 12:18:20,745.0000,725.0000,736.0000,736.2000,9.0100
2026-05-12 13:00:16,745.0000,725.0000,736.0000,736.9100,8.5900
2026-05-12 13:30:30,745.0000,725.0000,736.0000,737.3000,8.5900
2026-05-12 14:00:31,745.0000,725.0000,736.0000,736.7400,9.2500
2026-05-12 14:22:57,745.0000,725.0000,736.0000,735.4400,9.2800
2026-05-12 14:30:32,745.0000,725.0000,736.0000,736.1400,9.2600
2026-05-12 14:37:05,745.0000,725.0000,736.0000,735.9700,9.2100
2026-05-12 15:00:38,745.0000,725.0000,733.0000,734.3500,8.9500
2026-05-12 15:30:35,745.0000,725.0000,733.0000,733.2000,8.8000
2026-05-12 16:00:30,745.0000,725.0000,733.0000,733.5500,8.8800
2026-05-12 16:30:30,742.0000,725.0000,733.0000,733.3000,8.8200
2026-05-12 16:52:38,742.0000,725.0000,733.0000,733.0000,8.7300
2026-05-12 17:00:35,742.0000,725.0000,733.0000,732.5300,8.7100
2026-05-12 17:30:32,742.0000,725.0000,733.0000,733.2600,8.7400
2026-05-12 17:32:27,742.0000,725.0000,733.0000,733.5100,8.8300
2026-05-12 18:00:32,745.0000,725.0000,736.0000,734.8600,8.8200
2026-05-12 18:30:33,745.0000,725.0000,736.0000,734.9200,8.8100
2026-05-12 19:00:30,745.0000,725.0000,736.0000,736.2600,8.8100
2026-05-12 19:30:30,745.0000,725.0000,736.0000,737.2900,8.3400
2026-05-12 20:00:29,745.0000,725.0000,736.0000,737.9800,8.4300
2026-05-13 09:16:45,745.0000,725.0000,737.0000,740.1200,8.3500
2026-05-13 09:32:08,745.0000,725.0000,737.0000,739.8200,8.3900
2026-05-13 10:42:00,745.0000,725.0000,737.0000,740.0000,8.3900
2026-05-13 13:00:14,745.0000,725.0000,737.0000,737.6600,8.4200
2026-05-13 13:30:29,745.0000,725.0000,737.0000,738.6400,8.4000
2026-05-13 14:00:37,745.0000,725.0000,737.0000,736.8100,9.8700
2026-05-13 14:30:38,745.0000,725.0000,737.0000,737.5600,9.2500
2026-05-13 15:00:32,745.0000,725.0000,737.0000,738.4800,9.2300
2026-05-13 15:15:10,745.0000,725.0000,737.0000,738.8200,9.2600
2026-05-13 15:24:37,745.0000,725.0000,737.0000,739.0200,9.2300
2026-05-13 15:30:33,745.0000,725.0000,737.0000,738.9500,9.2800
2026-05-13 15:46:50,745.0000,725.0000,737.0000,739.2000,9.3900
2026-05-13 15:50:21,745.0000,725.0000,737.0000,739.5000,9.4000
2026-05-13 15:56:35,745.0000,725.0000,737.0000,739.8600,9.5200
2026-05-13 16:00:33,745.0000,725.0000,737.0000,740.0000,9.5800
2026-05-13 16:21:04,745.0000,725.0000,737.0000,740.1500,9.4800
2026-05-13 16:24:02,745.0000,725.0000,737.0000,740.2900,9.5100
2026-05-13 16:29:27,745.0000,725.0000,737.0000,740.5900,9.6000
2026-05-13 16:30:43,745.0000,725.0000,737.0000,740.7600,9.6300
2026-05-13 16:32:18,745.0000,725.0000,737.0000,740.6900,9.6200
2026-05-13 16:44:06,745.0000,725.0000,737.0000,741.8200,9.8100
2026-05-13 16:46:07,745.0000,725.0000,737.0000,741.7700,9.8200
2026-05-13 16:49:26,745.0000,725.0000,737.0000,741.7900,9.7700
2026-05-13 16:55:21,745.0000,725.0000,737.0000,741.8300,9.7800
2026-05-13 17:00:32,745.0000,725.0000,737.0000,741.6700,9.8000
2026-05-13 17:18:59,745.0000,725.0000,737.0000,742.4200,9.6800
2026-05-13 17:22:00,750.0000,725.0000,737.0000,742.6900,9.8300
2026-05-13 17:30:34,745.0000,725.0000,737.0000,742.7200,9.7700
2026-05-13 17:35:59,745.0000,725.0000,737.0000,742.4400,9.7500
2026-05-13 18:00:32,745.0000,725.0000,737.0000,742.6200,9.7400
2026-05-13 18:30:31,750.0000,725.0000,737.0000,743.1600,9.6600
2026-05-13 19:00:31,750.0000,725.0000,737.0000,742.9300,9.8600
2026-05-13 19:30:31,750.0000,725.0000,737.0000,743.4800,9.8000
2026-05-13 20:00:33,750.0000,725.0000,737.0000,743.4100,9.5800
2026-05-13 20:14:52,745.0000,725.0000,737.0000,742.3600,9.3900
2026-05-14 06:35:24,745.0000,725.0000,737.0000,742.3100,9.4500
2026-05-14 10:21:34,745.0000,735.0000,740.0000,744.3000,9.1300
2026-05-14 12:46:17,750.0000,735.0000,740.0000,745.2200,9.1400
2026-05-14 13:00:54,745.0000,735.0000,740.0000,744.7500,9.1400
2026-05-14 13:30:46,745.0000,735.0000,740.0000,744.0100,9.1700
2026-05-14 14:00:32,750.0000,735.0000,740.0000,745.5400,11.1200
2026-05-14 14:30:31,750.0000,735.0000,740.0000,745.5500,10.9000
2026-05-14 14:54:14,750.0000,735.0000,740.0000,746.4600,11.2500
2026-05-14 15:00:33,750.0000,735.0000,740.0000,747.0800,11.2100
2026-05-14 15:30:34,750.0000,735.0000,740.0000,748.1100,11.3300
2026-05-14 16:00:34,750.0000,735.0000,740.0000,748.7300,11.4400
2026-05-14 16:30:34,750.0000,735.0000,740.0000,748.9900,11.5200
2026-05-14 17:00:34,750.0000,735.0000,740.0000,747.8800,11.4000
2026-05-14 17:30:34,750.0000,735.0000,740.0000,747.1500,11.7700
2026-05-14 18:00:33,750.0000,735.0000,740.0000,747.5000,10.9900
2026-05-14 18:30:30,750.0000,735.0000,740.0000,747.7000,11.0100
2026-05-14 19:00:30,750.0000,735.0000,740.0000,747.9000,11.3100
2026-05-14 19:30:33,750.0000,735.0000,740.0000,748.2600,11.1900
2026-05-14 20:00:34,750.0000,735.0000,740.0000,748.3600,11.0300
2026-05-15 10:00:39,750.0000,738.0000,742.0000,740.2500,9.5400
2026-05-15 10:02:36,750.0000,738.0000,742.0000,740.2500,9.5400
2026-05-15 10:52:44,750.0000,738.0000,742.0000,741.6100,9.5500
2026-05-15 13:00:17,750.0000,738.0000,742.0000,739.4000,9.5300
2026-05-15 13:02:36,750.0000,738.0000,742.0000,739.1700,10.2400
2026-05-15 13:30:32,750.0000,738.0000,742.0000,739.6900,10.2400
2026-05-15 14:00:33,750.0000,738.0000,742.0000,738.5700,17.9500
2026-05-15 14:30:35,750.0000,738.0000,742.0000,741.0900,16.7700
2026-05-15 15:00:35,750.0000,738.0000,742.0000,742.0700,14.0600
2026-05-15 15:30:34,750.0000,738.0000,742.0000,740.8600,17.9500
2026-05-15 16:00:35,750.0000,738.0000,742.0000,740.0200,16.7200
2026-05-15 16:30:34,750.0000,738.0000,742.0000,740.2600,18.1100
2026-05-15 16:43:53,750.0000,738.0000,742.0000,741.2900,17.5500
2026-05-15 17:00:38,750.0000,738.0000,742.0000,741.5000,18.9700
2026-05-15 17:30:07,750.0000,738.0000,742.0000,741.5300,18.6500
2026-05-15 17:31:20,750.0000,738.0000,742.0000,741.5000,15.7000
2026-05-15 18:00:30,750.0000,740.0000,742.0000,742.4900,18.1100
2026-05-15 18:30:32,750.0000,743.0000,742.0000,743.0900,19.1600
2026-05-15 19:00:31,750.0000,738.0000,742.0000,741.2900,23.4600
2026-05-15 19:30:27,742.0000,740.0000,742.0000,740.6400,24.0700
2026-05-15 20:00:28,750.0000,740.0000,742.0000,740.1200,37.8400
2026-05-18 13:00:16,740.0000,710.0000,739.0000,739.1700,7.4100
2026-05-18 13:30:31,755.0000,710.0000,739.0000,740.2100,7.4300
2026-05-18 14:00:29,740.0000,710.0000,739.0000,737.7000,7.9500
2026-05-18 14:30:31,755.0000,710.0000,739.0000,740.0300,7.8900
2026-05-18 15:00:33,740.0000,710.0000,739.0000,738.3000,7.9500
2026-05-18 15:30:27,740.0000,710.0000,739.0000,737.1600,7.9800
2026-05-18 16:00:19,740.0000,710.0000,739.0000,736.3900,8.1900
2026-05-18 16:30:24,740.0000,710.0000,739.0000,736.7700,8.0600
2026-05-18 17:00:28,740.0000,710.0000,733.0000,735.1400,8.0900
2026-05-18 17:30:24,740.0000,710.0000,739.0000,736.7800,8.1600
2026-05-18 18:00:28,740.0000,710.0000,739.0000,736.9600,7.8400
2026-05-18 18:30:31,740.0000,710.0000,733.0000,735.1900,8.0500
2026-05-18 19:00:31,740.0000,710.0000,733.0000,734.5000,8.0900
2026-05-18 19:30:31,740.0000,710.0000,739.0000,736.1000,8.1100
2026-05-18 20:00:29,740.0000,710.0000,739.0000,737.7900,7.9000
2026-05-19 13:00:15,740.0000,730.0000,736.0000,736.1000,7.8800
2026-05-19 13:30:30,740.0000,730.0000,736.0000,735.5000,7.8900
2026-05-19 14:00:31,740.0000,710.0000,733.0000,733.7100,8.0800
2026-05-19 14:30:33,740.0000,710.0000,733.0000,732.8900,7.9500
2026-05-19 15:00:31,740.0000,710.0000,733.0000,732.8500,7.8200
2026-05-19 15:30:30,740.0000,730.0000,733.0000,733.7600,8.0000
2026-05-19 16:00:32,740.0000,730.0000,733.0000,733.5400,7.8100
2026-05-19 16:30:36,740.0000,730.0000,733.0000,733.0100,7.8400
2026-05-19 17:00:36,740.0000,730.0000,736.0000,735.4600,7.8500
2026-05-19 17:30:33,740.0000,730.0000,736.0000,736.9000,7.7900
2026-05-19 18:00:32,740.0000,730.0000,736.0000,737.1400,7.7200
2026-05-19 18:30:31,740.0000,730.0000,736.0000,737.1100,7.6500
2026-05-19 19:00:27,740.0000,730.0000,736.0000,735.8000,7.8900
2026-05-19 19:30:27,740.0000,730.0000,736.0000,735.9100,7.8000
2026-05-19 20:00:31,740.0000,730.0000,733.0000,733.8200,7.7700
2026-05-26 09:19:03,755.0000,730.0000,745.0000,749.8300,6.8600
2026-05-26 10:22:10,755.0000,730.0000,745.0000,750.3200,6.8600
2026-05-26 13:00:12,755.0000,730.0000,745.0000,751.1000,6.8200
2026-05-26 13:30:26,755.0000,730.0000,745.0000,750.8900,6.7800
2026-05-26 14:00:29,755.0000,730.0000,745.0000,750.8200,8.7800
2026-05-26 14:30:33,755.0000,730.0000,745.0000,751.4200,8.9400
2026-05-26 15:00:31,755.0000,730.0000,745.0000,751.9600,9.5200
2026-05-26 15:30:30,755.0000,730.0000,745.0000,750.5800,9.0300
2026-05-26 16:00:26,755.0000,730.0000,745.0000,749.4300,9.0100
2026-05-26 16:30:24,755.0000,730.0000,745.0000,749.0300,8.9900
2026-05-26 17:00:30,755.0000,730.0000,745.0000,749.2100,9.0800
2026-05-26 17:30:29,755.0000,730.0000,745.0000,749.3200,9.0000
2026-05-26 18:00:30,755.0000,730.0000,745.0000,748.8900,8.9200
2026-05-26 18:30:31,755.0000,730.0000,745.0000,749.5400,8.8800
2026-05-26 19:00:30,755.0000,730.0000,745.0000,749.4800,8.8500
2026-05-26 19:30:30,755.0000,730.0000,745.0000,749.1700,8.8400
2026-05-26 20:00:32,755.0000,730.0000,745.0000,750.4100,9.0600
2026-05-27 11:55:26,755.0000,730.0000,747.0000,752.6000,8.9800
2026-05-27 13:00:10,755.0000,730.0000,747.0000,752.7500,8.3700
2026-05-27 13:30:24,755.0000,730.0000,747.0000,751.3000,8.8200
2026-05-27 14:00:30,755.0000,730.0000,747.0000,749.4700,9.9200
2026-05-27 14:30:31,755.0000,730.0000,747.0000,750.8500,9.5100
2026-05-27 15:00:33,755.0000,730.0000,747.0000,750.3000,9.9200
2026-05-27 15:30:29,755.0000,730.0000,747.0000,749.9400,9.3800
2026-05-27 16:00:23,755.0000,730.0000,747.0000,748.9300,9.4500
2026-05-27 16:30:25,755.0000,730.0000,747.0000,749.5900,9.1500
2026-05-27 17:00:28,755.0000,730.0000,747.0000,750.2400,9.1000
2026-05-27 17:30:31,755.0000,730.0000,747.0000,748.8500,9.5900
2026-05-27 18:00:31,755.0000,730.0000,747.0000,749.4400,9.1100
2026-05-27 18:30:29,755.0000,730.0000,747.0000,749.8200,9.0800
2026-05-27 19:00:28,755.0000,730.0000,747.0000,750.8400,9.2300
2026-05-27 19:30:27,755.0000,730.0000,747.0000,750.9200,9.4700
2026-05-27 20:00:28,755.0000,730.0000,747.0000,750.7800,8.8500
2026-05-28 09:08:05,755.0000,730.0000,749.0000,749.8000,9.0800
2026-05-28 13:00:12,755.0000,730.0000,749.0000,750.0900,9.0900
2026-05-28 13:30:27,755.0000,730.0000,749.0000,750.2600,9.1600
2026-05-28 14:00:31,755.0000,730.0000,749.0000,749.6800,9.4200
2026-05-28 14:30:30,755.0000,730.0000,749.0000,753.0200,9.1200
2026-05-28 15:00:28,755.0000,730.0000,749.0000,752.6300,9.7100
2026-05-28 15:30:29,755.0000,730.0000,749.0000,753.3200,9.7300
2026-05-28 15:34:56,755.0000,730.0000,749.0000,753.4100,9.6100
2026-05-28 15:45:44,755.0000,730.0000,749.0000,754.0700,8.5400
2026-05-28 15:48:08,755.0000,730.0000,749.0000,754.0100,8.2100
2026-05-28 16:00:25,755.0000,730.0000,749.0000,754.1000,9.3000
2026-05-28 16:30:27,755.0000,730.0000,749.0000,754.0300,9.5800
2026-05-28 16:59:11,755.0000,730.0000,749.0000,754.3900,9.5000
2026-05-28 17:00:24,755.0000,730.0000,749.0000,754.3100,9.4100
2026-05-28 17:30:28,755.0000,730.0000,749.0000,754.3600,8.9900
2026-05-28 18:00:31,755.0000,730.0000,749.0000,754.4800,10.1400
2026-05-28 18:30:27,755.0000,730.0000,749.0000,754.5500,10.1400
2026-05-28 19:00:26,755.0000,730.0000,749.0000,754.2800,10.0900
2026-05-28 19:20:57,755.0000,730.0000,749.0000,754.4200,9.0500
2026-05-28 19:30:28,755.0000,730.0000,749.0000,754.2400,9.2100
2026-05-28 20:00:30,755.0000,730.0000,749.0000,754.7600,10.4500
2026-05-29 05:44:50,755.0000,730.0000,749.0000,754.6000,8.7100
2026-05-29 08:47:44,755.0000,730.0000,749.0000,754.6000,8.7100
2026-05-29 13:00:15,760.0000,753.0000,755.0000,755.5800,8.2200
2026-05-29 13:30:32,760.0000,753.0000,755.0000,755.7300,8.5600
2026-05-29 14:00:26,760.0000,753.0000,755.0000,757.0400,14.6400
2026-05-29 14:30:24,760.0000,753.0000,755.0000,757.3000,19.5900
2026-05-29 15:00:31,755.0000,753.0000,755.0000,754.9500,14.2400
2026-05-29 15:30:29,760.0000,753.0000,755.0000,757.2400,16.9600
2026-05-29 16:00:26,760.0000,753.0000,755.0000,756.6200,18.5400
2026-05-29 16:30:29,760.0000,753.0000,755.0000,757.2900,13.7900
2026-05-29 17:00:27,760.0000,753.0000,755.0000,757.4800,17.3000
2026-05-29 17:30:23,758.0000,753.0000,755.0000,756.7900,13.3000
2026-05-29 18:00:21,758.0000,753.0000,755.0000,756.1200,22.1700
2026-05-29 18:30:21,756.0000,753.0000,755.0000,755.6800,23.2800
2026-05-29 19:00:29,758.0000,753.0000,755.0000,756.5300,18.9700
2026-05-29 19:30:30,757.0000,753.0000,755.0000,756.3500,33.6500
2026-05-29 20:00:31,758.0000,753.0000,755.0000,757.2600,34.4100
2026-06-01 04:00:10,760.0000,740.0000,757.0000,756.4800,6.6000
2026-06-01 07:35:38,760.0000,740.0000,757.0000,756.4800,6.6000
2026-06-01 13:00:09,760.0000,740.0000,757.0000,758.0900,6.4100
2026-06-01 13:30:21,760.0000,740.0000,757.0000,755.5400,6.4600
2026-06-01 14:00:21,760.0000,740.0000,757.0000,756.4800,8.1900
2026-06-01 14:27:47,760.0000,740.0000,757.0000,755.5900,8.0500
2026-06-01 14:30:27,760.0000,740.0000,757.0000,756.1400,7.9400
2026-06-01 15:00:24,760.0000,740.0000,757.0000,755.7900,7.9400
2026-06-01 15:30:24,760.0000,740.0000,757.0000,755.9700,7.9200
2026-06-01 15:41:46,760.0000,740.0000,757.0000,756.0800,7.9200
2026-06-01 16:00:22,760.0000,740.0000,757.0000,757.2000,8.0400
2026-06-01 16:30:22,760.0000,740.0000,757.0000,756.5100,7.9000
2026-06-01 17:00:23,760.0000,740.0000,757.0000,757.1800,7.8100
2026-06-01 17:28:36,760.0000,740.0000,757.0000,757.3100,7.6400
2026-06-01 17:30:23,760.0000,740.0000,757.0000,757.3500,7.6000
2026-06-01 18:00:25,760.0000,740.0000,757.0000,759.5900,6.0800
2026-06-01 18:30:29,760.0000,740.0000,757.0000,759.3800,8.1500
2026-06-01 19:00:27,760.0000,740.0000,757.0000,759.7900,7.6200
2026-06-01 19:30:30,760.0000,740.0000,757.0000,759.6100,7.8800
2026-06-01 20:00:26,760.0000,740.0000,757.0000,758.9900,8.0900
2026-06-02 10:56:07,760.0000,740.0000,758.0000,757.0900,7.0300
2026-06-02 13:00:15,760.0000,740.0000,758.0000,757.2900,7.0300
2026-06-02 13:30:28,760.0000,740.0000,758.0000,756.3400,7.0000
2026-06-02 14:00:29,760.0000,740.0000,758.0000,757.1400,8.3200
2026-06-02 14:30:33,760.0000,740.0000,758.0000,758.1500,8.4700
2026-06-02 15:00:31,760.0000,740.0000,758.0000,758.9300,7.7700
2026-06-02 15:30:25,760.0000,740.0000,758.0000,759.9200,8.3600
2026-06-02 16:00:25,760.0000,740.0000,758.0000,759.6700,8.6200
2026-06-02 16:30:27,760.0000,740.0000,758.0000,760.0000,7.5700
2026-06-02 17:00:27,760.0000,740.0000,758.0000,759.4100,7.6100
2026-06-02 17:30:30,760.0000,740.0000,758.0000,759.8300,7.3900
2026-06-02 18:00:29,760.0000,740.0000,758.0000,759.1100,8.3000
2026-06-02 18:30:25,760.0000,740.0000,758.0000,759.0800,8.3900
2026-06-02 19:00:29,760.0000,740.0000,758.0000,758.8300,7.9300
2026-06-02 19:30:33,760.0000,740.0000,758.0000,759.2800,8.1400
2026-06-02 20:00:33,760.0000,740.0000,758.0000,759.2600,8.3400
2026-06-03 04:54:46,760.0000,740.0000,758.0000,759.5700,8.1900
2026-06-03 13:00:09,765.0000,740.0000,758.0000,757.8500,7.9900
2026-06-03 13:30:22,765.0000,740.0000,758.0000,758.0400,7.8000
2026-06-03 14:00:21,760.0000,740.0000,758.0000,757.1900,9.2400
2026-06-03 14:30:20,760.0000,740.0000,758.0000,756.8000,6.9100
2026-06-03 15:00:27,760.0000,740.0000,758.0000,756.7400,7.4700
2026-06-03 15:30:25,760.0000,740.0000,758.0000,756.0900,7.6700
2026-06-03 16:00:19,760.0000,740.0000,758.0000,755.3000,8.2900
2026-06-03 16:30:22,760.0000,740.0000,758.0000,755.3900,7.4500
2026-06-03 17:00:27,760.0000,740.0000,758.0000,753.8000,8.1900
2026-06-03 17:30:29,760.0000,740.0000,758.0000,754.3500,8.4400
2026-06-03 18:00:31,760.0000,740.0000,758.0000,755.3100,6.6800
2026-06-03 18:30:34,760.0000,740.0000,758.0000,755.3000,7.5700
2026-06-03 19:00:33,760.0000,740.0000,758.0000,755.7100,7.0800
2026-06-03 19:30:33,760.0000,740.0000,758.0000,755.0200,7.9100
2026-06-03 20:00:32,760.0000,740.0000,758.0000,755.3700,6.5700
2026-06-04 10:47:23,763.0000,730.0000,751.0000,751.2800,7.2100
2026-06-04 13:00:16,763.0000,730.0000,751.0000,751.9000,7.1800
2026-06-04 13:30:33,763.0000,730.0000,751.0000,752.2100,7.2100
2026-06-04 14:00:33,763.0000,730.0000,751.0000,751.8600,7.0500
2026-06-04 14:30:29,763.0000,730.0000,754.0000,753.4700,6.5900
2026-06-04 15:00:27,763.0000,730.0000,754.0000,753.9900,6.6600
2026-06-04 15:30:25,763.0000,730.0000,756.0000,755.5700,6.5700
2026-06-04 16:00:26,763.0000,730.0000,756.0000,755.2000,6.6200
2026-06-04 16:30:29,763.0000,730.0000,756.0000,756.2200,6.4500
2026-06-04 17:00:25,763.0000,730.0000,756.0000,756.8600,6.3000
2026-06-04 17:30:25,763.0000,730.0000,756.0000,756.7500,6.3500
2026-06-04 18:00:30,763.0000,730.0000,758.0000,757.1800,6.4100
2026-06-04 18:30:32,763.0000,730.0000,758.0000,757.6900,6.5000
2026-06-04 19:00:31,763.0000,730.0000,758.0000,757.7900,6.5800
2026-06-04 19:30:27,763.0000,730.0000,758.0000,757.7700,6.5400
2026-06-04 20:00:23,763.0000,730.0000,758.0000,757.7600,6.4400
2026-06-05 09:31:14,763.0000,730.0000,758.0000,757.0900,6.4100
2026-06-05 13:00:11,763.0000,745.0000,754.0000,753.4800,6.5000
2026-06-05 13:30:25,763.0000,745.0000,751.0000,752.1900,6.7600
2026-06-05 14:00:31,763.0000,745.0000,751.0000,750.6200,6.9100
2026-06-05 14:30:32,763.0000,745.0000,751.0000,750.2100,7.1800
2026-06-05 15:00:32,763.0000,745.0000,751.0000,749.5900,6.7400
2026-06-05 15:30:27,763.0000,745.0000,747.0000,748.6400,7.2200
2026-06-05 16:00:24,763.0000,730.0000,746.0000,746.9000,7.4600
2026-06-05 16:30:26,763.0000,715.0000,746.0000,745.6900,8.0000
2026-06-05 17:00:29,763.0000,715.0000,746.0000,742.9800,8.2200
2026-06-05 17:30:28,763.0000,715.0000,746.0000,743.3200,8.1200
2026-06-05 18:00:21,763.0000,715.0000,746.0000,744.0400,7.8000
2026-06-05 18:30:25,763.0000,715.0000,746.0000,742.5000,7.7700
2026-06-05 19:00:34,763.0000,715.0000,734.0000,739.8400,8.3700
2026-06-05 19:30:33,763.0000,715.0000,734.0000,737.1100,8.8600
2026-06-05 20:00:26,763.0000,715.0000,734.0000,737.4600,8.9700
2026-06-08 07:05:28,755.0000,730.0000,734.0000,737.5500,9.0800
2026-06-08 08:48:59,755.0000,730.0000,734.0000,737.5500,9.0800
2026-06-08 13:00:10,755.0000,730.0000,746.0000,743.7900,8.7500
2026-06-08 13:30:20,755.0000,730.0000,746.0000,743.9200,8.7400
2026-06-08 14:00:20,763.0000,730.0000,747.0000,742.2600,8.3700
2026-06-08 14:30:20,763.0000,730.0000,747.0000,742.0100,8.4700
2026-06-08 14:34:27,763.0000,730.0000,747.0000,741.5600,8.3700
2026-06-08 15:00:23,763.0000,730.0000,747.0000,742.3400,8.1600
2026-06-08 15:30:28,763.0000,730.0000,747.0000,744.8800,7.9700
2026-06-08 16:00:27,763.0000,730.0000,747.0000,743.4800,7.9600
2026-06-08 16:30:22,763.0000,730.0000,747.0000,743.0900,7.9600
2026-06-08 17:00:20,763.0000,730.0000,747.0000,741.8600,8.2200
2026-06-08 17:30:21,755.0000,730.0000,746.0000,740.8300,8.2000
2026-06-08 18:00:27,755.0000,730.0000,746.0000,740.7200,8.1800
2026-06-08 18:30:28,755.0000,730.0000,747.0000,741.4300,8.4000
2026-06-08 19:00:30,755.0000,730.0000,746.0000,740.8900,8.2200
2026-06-08 19:30:28,755.0000,730.0000,734.0000,739.6500,8.4400
2026-06-08 20:00:23,755.0000,730.0000,734.0000,739.4300,8.4300
2026-06-09 09:24:26,755.0000,730.0000,740.0000,742.1000,8.4500
2026-06-09 09:44:56,755.0000,730.0000,740.0000,742.6000,8.3600
2026-06-09 12:03:09,755.0000,730.0000,740.0000,742.7600,8.3600
2026-06-09 13:00:12,755.0000,730.0000,740.0000,742.7100,8.3600
2026-06-09 13:30:22,755.0000,730.0000,740.0000,742.9800,8.3200
2026-06-09 14:00:25,763.0000,730.0000,746.0000,745.3400,8.1700
2026-06-09 14:30:30,755.0000,730.0000,746.0000,741.6000,8.2100
2026-06-09 15:00:22,755.0000,730.0000,734.0000,739.0000,8.5500
2026-06-09 15:30:21,755.0000,730.0000,734.0000,737.8500,8.5700
2026-06-09 16:00:29,755.0000,730.0000,734.0000,731.5500,9.1200
2026-06-09 16:30:34,755.0000,716.0000,725.0000,728.4000,9.7700
2026-06-09 17:00:30,725.0000,716.0000,725.0000,724.1100,10.6900
2026-06-09 17:30:28,755.0000,716.0000,725.0000,728.7400,9.9100
2026-06-09 18:00:30,755.0000,730.0000,734.0000,733.2300,9.3300
2026-06-09 18:30:28,755.0000,730.0000,734.0000,733.4000,9.2800
2026-06-09 19:00:27,755.0000,730.0000,734.0000,734.8300,9.3400
2026-06-09 19:30:27,755.0000,730.0000,734.0000,735.4100,9.1200
2026-06-09 20:00:30,755.0000,730.0000,734.0000,733.7200,9.2200
2026-06-10 06:50:51,755.0000,730.0000,740.0000,737.0500,9.1800
2026-06-10 12:17:37,755.0000,730.0000,734.0000,730.0400,9.7600
2026-06-10 13:01:11,755.0000,730.0000,734.0000,733.8500,9.4300
2026-06-10 13:30:23,755.0000,730.0000,734.0000,733.2700,9.5600
2026-06-10 14:00:20,755.0000,720.0000,734.0000,735.8700,9.7600
2026-06-10 14:03:13,755.0000,720.0000,734.0000,735.5800,9.9400
2026-06-10 14:30:41,755.0000,730.0000,734.0000,736.7100,9.8100
2026-06-10 14:39:47,755.0000,730.0000,740.0000,737.8800,9.3400
2026-06-10 15:00:22,755.0000,730.0000,734.0000,736.3900,9.7300
2026-06-10 15:06:26,755.0000,720.0000,734.0000,735.2700,9.6400
2026-06-10 15:30:27,755.0000,720.0000,734.0000,731.3400,10.1800
2026-06-10 16:00:25,755.0000,720.0000,734.0000,731.8300,9.9800
2026-06-10 16:30:25,755.0000,720.0000,734.0000,730.7100,10.2700
2026-06-10 17:00:19,755.0000,720.0000,734.0000,731.0100,10.0700
2026-06-10 17:30:19,755.0000,720.0000,725.0000,729.1100,10.1600
2026-06-10 18:00:28,755.0000,720.0000,725.0000,728.2400,10.0600
2026-06-10 18:30:28,755.0000,720.0000,734.0000,730.6900,9.6500
2026-06-10 19:00:25,755.0000,720.0000,725.0000,728.6300,10.1300
2026-06-10 19:30:26,755.0000,720.0000,725.0000,727.0000,10.2600
2026-06-10 20:00:22,755.0000,720.0000,725.0000,727.2700,10.3100
2026-06-11 09:35:36,750.0000,720.0000,734.0000,731.4800,10.5500
2026-06-11 13:00:10,750.0000,720.0000,725.0000,728.0600,10.5800
2026-06-11 13:30:24,750.0000,720.0000,725.0000,728.7800,10.4900
2026-06-11 14:00:23,750.0000,720.0000,725.0000,727.6100,10.3500
2026-06-11 14:30:21,750.0000,720.0000,725.0000,727.9300,10.1600
2026-06-11 15:00:21,750.0000,720.0000,725.0000,729.0900,10.0700
2026-06-11 15:14:13,750.0000,720.0000,725.0000,726.2500,10.6200
2026-06-11 15:30:23,750.0000,720.0000,725.0000,727.3000,10.3100
2026-06-11 15:37:24,750.0000,720.0000,725.0000,728.5000,10.3800
2026-06-11 15:40:19,750.0000,720.0000,725.0000,727.9000,10.2900
2026-06-11 16:00:28,750.0000,720.0000,725.0000,727.7600,10.1500
2026-06-11 16:31:19,750.0000,720.0000,734.0000,730.1900,10.1000
2026-06-11 16:50:12,750.0000,720.0000,725.0000,729.4200,10.0300
2026-06-11 17:00:34,750.0000,720.0000,725.0000,728.7500,9.6100
2026-06-11 17:08:38,750.0000,720.0000,725.0000,727.5300,9.7000
2026-06-11 17:26:37,750.0000,720.0000,725.0000,727.1000,9.6900
2026-06-11 17:30:30,750.0000,720.0000,725.0000,726.3900,9.8000
2026-06-11 18:00:24,755.0000,720.0000,734.0000,736.0900,9.2000
2026-06-11 18:30:24,750.0000,720.0000,734.0000,733.9400,9.0800
2026-06-11 19:00:32,750.0000,720.0000,734.0000,734.9100,8.7400
2026-06-11 19:30:30,755.0000,720.0000,740.0000,737.0700,8.9100
2026-06-11 20:00:29,755.0000,720.0000,740.0000,739.3500,9.0200
2026-06-12 12:19:22,750.0000,730.0000,742.0000,742.5000,9.0200
2026-06-12 13:00:09,750.0000,730.0000,740.0000,740.1700,9.1100
2026-06-12 13:30:20,750.0000,730.0000,740.0000,739.6300,9.1100
2026-06-12 14:00:19,750.0000,730.0000,734.0000,736.6500,9.0800
2026-06-12 14:23:37,750.0000,730.0000,740.0000,739.9500,9.1200
2026-06-12 14:30:23,750.0000,730.0000,740.0000,739.2400,8.9900
2026-06-12 14:32:12,750.0000,730.0000,740.0000,740.1200,9.1600
2026-06-12 15:00:28,750.0000,730.0000,740.0000,738.3000,9.0300
2026-06-12 15:30:23,750.0000,730.0000,742.0000,743.1700,8.8600
2026-06-12 16:00:21,750.0000,730.0000,742.0000,741.0200,9.3000
2026-06-12 16:30:24,750.0000,730.0000,742.0000,741.7100,8.7000
2026-06-12 17:00:22,750.0000,730.0000,740.0000,740.9700,9.1600
2026-06-12 17:30:25,750.0000,730.0000,742.0000,741.4000,8.5700
2026-06-12 18:00:31,750.0000,730.0000,742.0000,741.6700,8.3700
2026-06-12 18:30:30,750.0000,730.0000,742.0000,741.3400,8.2400
2026-06-12 19:00:25,750.0000,730.0000,742.0000,742.2100,8.0200
2026-06-12 19:30:26,750.0000,730.0000,742.0000,741.4300,7.9700
2026-06-12 20:00:31,750.0000,730.0000,740.0000,740.7600,7.9000
2026-06-15 04:00:10,750.0000,730.0000,742.0000,741.7500,7.4900
2026-06-15 06:54:22,750.0000,730.0000,742.0000,741.7500,7.4900
2026-06-15 13:00:10,755.0000,730.0000,745.0000,751.0000,7.2900
2026-06-15 13:30:21,755.0000,730.0000,745.0000,751.4500,7.2900
2026-06-15 14:00:24,763.0000,730.0000,745.0000,752.6600,8.4700
2026-06-15 14:30:30,763.0000,730.0000,745.0000,753.2700,8.8400
2026-06-15 15:00:29,763.0000,730.0000,745.0000,753.3200,8.5100
2026-06-15 15:22:29,763.0000,730.0000,745.0000,754.5400,8.8700
2026-06-15 15:30:30,763.0000,730.0000,745.0000,754.6000,8.7900
2026-06-15 16:00:23,763.0000,730.0000,753.0000,755.5200,8.8200
2026-06-15 16:30:23,763.0000,730.0000,753.0000,756.1200,8.1000
2026-06-15 17:00:29,763.0000,730.0000,753.0000,755.8900,8.2700
2026-06-15 17:30:25,763.0000,730.0000,753.0000,755.8000,8.4200
2026-06-15 18:00:21,763.0000,730.0000,753.0000,755.8200,8.7700
2026-06-15 18:30:21,763.0000,730.0000,745.0000,755.1300,9.4700
2026-06-15 19:00:25,763.0000,730.0000,745.0000,755.2500,8.6300
2026-06-15 19:30:28,763.0000,730.0000,745.0000,755.0000,8.9500
2026-06-15 20:00:29,763.0000,730.0000,745.0000,754.4000,9.2400
2026-06-16 13:00:09,760.0000,730.0000,753.0000,754.4300,8.4500
2026-06-16 13:30:23,760.0000,730.0000,753.0000,754.2800,8.9300
2026-06-16 14:00:23,760.0000,730.0000,753.0000,754.8300,9.4600
2026-06-16 14:12:32,760.0000,730.0000,753.0000,754.5300,9.5400
2026-06-16 14:30:22,760.0000,730.0000,753.0000,754.7800,8.6700
2026-06-16 15:00:18,755.0000,730.0000,753.0000,753.4500,9.3500
2026-06-16 15:05:25,755.0000,730.0000,753.0000,753.1300,9.4700
2026-06-16 15:30:19,755.0000,730.0000,753.0000,753.4300,8.4300
2026-06-16 16:00:19,755.0000,730.0000,753.0000,752.4500,9.6400
2026-06-16 16:30:20,755.0000,730.0000,753.0000,753.8000,7.9700
2026-06-16 17:00:22,755.0000,730.0000,753.0000,753.1100,8.6600
2026-06-16 17:30:24,755.0000,730.0000,753.0000,752.6400,8.7100
2026-06-16 18:00:23,755.0000,730.0000,751.0000,751.9900,8.8400
2026-06-16 18:30:20,755.0000,730.0000,753.0000,752.0400,10.1400
2026-06-16 19:00:25,755.0000,730.0000,753.0000,752.1300,8.3400
2026-06-16 19:30:26,755.0000,730.0000,751.0000,750.9500,10.6100
2026-06-16 20:00:24,755.0000,730.0000,751.0000,750.9300,10.0900
2026-06-17 10:53:40,755.0000,730.0000,751.0000,750.9100,10.4000
2026-06-17 13:00:09,755.0000,730.0000,751.0000,750.9300,10.4000
2026-06-17 13:30:17,755.0000,730.0000,751.0000,751.2200,10.2200
2026-06-17 14:00:17,755.0000,730.0000,751.0000,751.3100,9.5800
2026-06-17 14:30:20,755.0000,730.0000,751.0000,751.0800,10.7400
2026-06-17 15:00:23,755.0000,730.0000,751.0000,750.3400,9.4700
2026-06-17 15:30:25,755.0000,730.0000,749.0000,749.5100,8.1600
2026-06-17 16:00:22,755.0000,730.0000,751.0000,750.3500,11.7600
2026-06-17 16:30:22,755.0000,730.0000,751.0000,750.5200,9.3500
2026-06-17 17:00:30,755.0000,730.0000,751.0000,750.2700,10.6200
2026-06-17 17:30:29,755.0000,730.0000,749.0000,749.4300,10.8700
2026-06-17 18:00:30,755.0000,730.0000,749.0000,749.3000,13.1600
2026-06-17 18:30:48,755.0000,730.0000,749.0000,747.4500,9.8400
2026-06-17 19:01:16,750.0000,730.0000,749.0000,749.7500,7.8600
2026-06-17 19:31:11,750.0000,730.0000,746.0000,746.3900,12.6300
2026-06-17 20:00:48,755.0000,730.0000,740.0000,740.5000,8.9100
2026-06-18 09:18:46,750.0000,730.0000,746.0000,744.9900,9.6100
2026-06-18 09:22:24,750.0000,730.0000,746.0000,744.9900,9.6100
2026-06-18 11:14:29,750.0000,730.0000,746.0000,745.5000,9.5200
2026-06-18 13:00:23,750.0000,730.0000,746.0000,745.6900,9.5200
2026-06-18 13:30:50,750.0000,730.0000,746.0000,746.2500,9.1900
2026-06-18 14:00:51,750.0000,730.0000,746.0000,744.1700,18.2900
2026-06-18 14:30:47,750.0000,730.0000,746.0000,744.8600,18.1700
2026-06-18 15:00:46,750.0000,730.0000,746.0000,746.1600,14.9600
2026-06-18 15:30:47,750.0000,730.0000,746.0000,746.0500,18.9100
2026-06-18 16:00:46,750.0000,730.0000,746.0000,744.6300,18.8700
2026-06-18 16:30:47,750.0000,744.0000,746.0000,746.1100,17.2000
2026-06-18 17:00:51,750.0000,744.0000,746.0000,746.9100,18.1700
2026-06-18 17:30:49,750.0000,730.0000,746.0000,747.5400,16.0200
2026-06-18 18:00:48,750.0000,745.0000,746.0000,747.3900,21.2800
2026-06-18 18:30:49,750.0000,745.0000,746.0000,746.5500,21.5400
2026-06-18 19:00:47,750.0000,745.0000,746.0000,746.5100,24.2000
2026-06-18 19:31:02,750.0000,744.0000,746.0000,745.5600,31.7200
2026-06-18 20:00:59,750.0000,747.0000,746.0000,747.1800,32.6100
2026-06-19 13:00:11,760.0000,720.0000,751.0000,746.7400,6.6800
2026-06-19 13:30:21,760.0000,720.0000,751.0000,746.7400,6.6800
2026-06-19 14:00:21,760.0000,720.0000,751.0000,746.7400,6.6800
2026-06-19 14:30:22,760.0000,720.0000,751.0000,746.7400,6.6800
2026-06-19 15:00:25,760.0000,720.0000,751.0000,746.7400,6.6800
2026-06-19 15:30:26,760.0000,720.0000,751.0000,746.7400,6.6800
2026-06-19 16:00:26,760.0000,720.0000,751.0000,746.7400,6.6800
2026-06-19 16:30:24,760.0000,720.0000,751.0000,746.7400,6.6800
2026-06-19 17:00:23,760.0000,720.0000,751.0000,746.7400,6.6800
