time,open,high,low,close,volume
2026-07-21 15:00:21,400.0000,370.0000,382.5000,383.1500,20.4100
2026-07-21 15:30:19,400.0000,370.0000,382.5000,381.9500,20.2100
2026-07-21 16:00:21,400.0000,370.0000,382.5000,381.0200,20.3200
2026-07-21 16:30:21,400.0000,370.0000,382.5000,381.1900,20.5000
2026-07-21 17:00:23,400.0000,370.0000,382.5000,380.8700,20.2900
2026-07-21 17:30:22,400.0000,370.0000,382.5000,379.6500,19.9500
2026-07-21 18:00:22,400.0000,370.0000,382.5000,379.7600,20.1000
2026-07-21 18:30:27,400.0000,370.0000,382.5000,380.1500,19.8700
2026-07-21 19:00:28,400.0000,370.0000,382.5000,379.9900,19.8800
2026-07-21 19:30:28,400.0000,370.0000,382.5000,378.1200,19.7500
2026-07-21 20:00:33,400.0000,370.0000,382.5000,377.8300,19.6400
2026-07-22 13:00:09,400.0000,370.0000,380.0000,376.4000,19.4300
2026-07-22 13:30:21,400.0000,370.0000,380.0000,376.0000,19.3800
2026-07-22 13:47:13,400.0000,370.0000,380.0000,378.1500,22.3100
2026-07-22 14:00:26,400.0000,370.0000,380.0000,378.3500,22.3000
2026-07-22 14:30:20,400.0000,370.0000,380.0000,377.3900,22.1600
2026-07-22 15:00:18,400.0000,370.0000,380.0000,377.3600,22.1700
2026-07-22 15:30:19,400.0000,370.0000,380.0000,377.0400,22.1000
2026-07-22 16:00:20,400.0000,370.0000,380.0000,378.3400,21.9300
2026-07-22 16:30:23,400.0000,370.0000,380.0000,378.3300,21.9900
2026-07-22 17:00:27,400.0000,370.0000,380.0000,377.0700,22.0900
2026-07-22 17:30:31,400.0000,370.0000,380.0000,377.6100,22.0200
2026-07-22 18:00:28,400.0000,370.0000,380.0000,376.4400,22.3800
2026-07-22 18:30:22,400.0000,370.0000,380.0000,375.2100,22.6700
2026-07-22 19:00:22,400.0000,370.0000,380.0000,375.7700,22.7700
2026-07-22 19:30:28,400.0000,370.0000,380.0000,374.1800,23.0200
2026-07-22 20:00:25,400.0000,370.0000,380.0000,374.4100,22.9700
2026-07-23 08:24:37,400.0000,350.0000,380.0000,358.5500,22.4600
2026-07-23 13:00:10,400.0000,340.0000,380.0000,345.8400,22.1500
2026-07-23 13:30:22,400.0000,340.0000,380.0000,344.4000,22.4900
2026-07-23 14:00:22,400.0000,320.0000,380.0000,335.1200,15.6400
2026-07-23 14:30:21,400.0000,320.0000,380.0000,327.7500,15.1000
2026-07-23 15:00:21,400.0000,320.0000,380.0000,324.2000,14.6800
2026-07-23 15:30:23,400.0000,320.0000,380.0000,322.1800,13.8400
2026-07-23 16:00:28,400.0000,320.0000,380.0000,320.9500,13.7500
2026-07-23 17:00:12,400.0000,320.0000,375.0000,323.0300,13.
2026-09-02 16:30:21,360.0000,340.0000,352.5000,354.3800,12.0100
00
2026-07-23 18:30:23,400.0000,320.0000,375.0000,320.8800,12.9000
2026-07-23 19:00:23,400.0000,320.0000,375.0000,320.5600,13.1100
2026-07-23 19:30:27,400.0000,320.0000,375.0000,320.5100,13.1300
2026-07-23 20:00:20,400.0000,300.0000,375.0000,316.0200,13.6100
2026-07-24 07:30:27,400.0000,320.0000,375.0000,324.0000,14.1100
2026-07-24 13:00:12,330.0000,320.0000,327.5000,321.6000,13.8500
2026-07-24 13:30:21,330.0000,320.0000,327.5000,321.6100,13.9100
2026-07-24 14:00:19,330.0000,315.0000,327.5000,317.6300,19.2200
2026-07-24 14:30:26,330.0000,315.0000,327.5000,315.4700,17.1500
2026-07-24 15:00:33,330.0000,300.0000,327.5000,309.3100,18.2300
2026-07-24 15:30:31,330.0000,310.0000,327.5000,310.4800,16.6900
2026-07-24 16:00:27,330.0000,310.0000,327.5000,310.2200,14.7300
2026-07-24 16:30:21,330.0000,310.0000,327.5000,310.5900,16.4400
2026-07-24 17:00:23,330.0000,310.0000,327.5000,310.4700,14.9900
2026-07-24 17:30:28,330.0000,305.0000,327.5000,308.8300,16.6800
2026-07-24 17:59:28,330.0000,305.0000,327.5000,308.4400,16.9200
2026-07-24 18:00:43,330.0000,305.0000,327.5000,308.1100,17.6100
2026-07-24 18:30:26,330.0000,305.0000,327.5000,308.3200,18.5200
2026-07-24 19:00:27,330.0000,305.0000,327.5000,308.4300,16.9400
2026-07-24 19:30:30,330.0000,305.0000,327.5000,308.4400,19.6100
2026-07-24 20:00:32,330.0000,310.0000,327.5000,310.6700,19.4200
2026-07-27 07:49:46,330.0000,300.0000,322.5000,311.4000,10.1300
2026-07-27 09:33:31,330.0000,300.0000,315.0000,317.5200,10.2700
2026-07-27 13:00:11,330.0000,300.0000,315.0000,315.7200,10.2400
2026-07-27 13:30:20,330.0000,300.0000,315.0000,316.8500,10.2700
2026-07-27 14:00:19,330.0000,300.0000,315.0000,313.2600,11.7300
2026-07-27 14:30:26,330.0000,300.0000,315.0000,309.4600,11.4700
2026-07-27 15:00:27,330.0000,300.0000,315.0000,305.2200,11.6000
2026-07-27 15:30:20,330.0000,300.0000,315.0000,309.6800,11.4000
2026-07-27 16:00:18,330.0000,300.0000,315.0000,308.3200,11.3900
2026-07-27 16:30:25,330.0000,300.0000,315.0000,308.7700,11.2400
2026-07-27 17:00:24,330.0000,300.0000,315.0000,308.4200,11.1400
2026-07-27 17:30:19,330.0000,300.0000,315.0000,307.3200,11.2000
2026-07-27 18:00:21,330.0000,300.0000,315.0000,308.2600,11.2000
2026-07-27 18:30:23,330.0000,300.0000,315.0000,307.2500,11.3000
2026-07-27 19:00:23,330.0000,300.0000,315.0000,306.5000,11.2500
2026-07-27 19:30:21,330.0000,300.0000,315.0000,308.0000,11.1700
2026-07-27 20:00:18,330.0000,300.0000,315.0000,308.6300,11.0500
2026-07-28 09:54:52,330.0000,300.0000,307.5000,305.0300,10.8900
2026-07-28 13:00:16,330.0000,300.0000,307.5000,306.6000,10.9200
2026-07-28 13:30:28,330.0000,300.0000,307.5000,307.0800,10.9400
2026-07-28 14:00:19,330.0000,300.0000,307.5000,305.3700,11.5200
2026-07-28 14:30:18,310.0000,300.0000,307.5000,300.8400,11.2100
2026-07-28 15:00:19,310.0000,300.0000,307.5000,302.9300,10.9100
2026-07-28 15:30:24,330.0000,300.0000,307.5000,305.0000,10.9100
2026-07-28 16:00:31,330.0000,300.0000,307.5000,307.1400,10.7900
2026-07-28 16:30:31,330.0000,300.0000,307.5000,307.0600,10.9400
2026-07-28 17:00:32,330.0000,300.0000,307.5000,307.4300,10.7800
2026-07-28 17:30:29,330.0000,300.0000,307.5000,306.7900,10.7400
2026-07-28 18:00:30,330.0000,300.0000,307.5000,306.5100,10.7900
2026-07-28 18:30:34,330.0000,300.0000,307.5000,306.1200,10.8300
2026-07-28 19:00:29,330.0000,300.0000,307.5000,306.5000,10.8800
2026-07-28 19:30:29,330.0000,300.0000,307.5000,305.9700,10.8100
2026-07-28 20:00:28,330.0000,300.0000,307.5000,305.6500,10.7400
2026-07-29 06:58:03,330.0000,300.0000,307.5000,306.8300,10.7100
2026-07-29 13:00:11,330.0000,300.0000,307.5000,307.1400,10.7200
2026-07-29 13:30:25,330.0000,300.0000,307.5000,306.9700,10.7200
2026-07-29 14:00:31,310.0000,300.0000,307.5000,305.4200,11.3900
2026-07-29 14:30:30,310.0000,300.0000,307.5000,304.5700,11.3900
2026-07-29 15:00:24,310.0000,300.0000,307.5000,302.6500,11.2800
2026-07-29 15:30:27,310.0000,300.0000,307.5000,301.9700,11.0900
2026-07-29 16:00:32,310.0000,300.0000,307.5000,302.6400,11.0200
2026-07-29 16:30:32,310.0000,300.0000,307.5000,300.3800,11.2600
2026-07-29 17:00:28,310.0000,300.0000,307.5000,301.0300,11.3100
2026-07-29 17:30:28,310.0000,300.0000,307.5000,303.5700,11.3600
2026-07-29 18:00:25,310.0000,300.0000,307.5000,302.4100,11.5900
2026-07-29 18:13:19,310.0000,300.0000,307.5000,302.8600,11.7500
2026-07-29 18:30:30,310.0000,300.0000,307.5000,303.9200,11.1700
2026-07-29 19:00:31,310.0000,300.0000,307.5000,304.4600,10.7700
2026-07-29 19:30:26,310.0000,300.0000,307.5000,304.8000,11.0600
2026-07-29 19:57:33,310.0000,295.0000,292.5000,299.2500,11.4200
2026-07-29 20:00:29,310.0000,295.0000,292.5000,298.1100,11.3200
2026-07-30 13:00:16,310.0000,295.0000,307.5000,304.6000,11.6500
2026-07-30 13:18:23,310.0000,295.0000,307.5000,304.6000,11.6500
2026-07-30 13:30:23,310.0000,295.0000,307.5000,304.7600,11.6500
2026-07-30 14:00:26,310.0000,300.0000,307.5000,305.8800,12.1800
2026-07-30 14:30:32,310.0000,300.0000,307.5000,305.7400,11.6400
2026-07-30 15:00:32,310.0000,300.0000,307.5000,306.5500,11.5200
2026-07-30 15:30:27,310.0000,300.0000,307.5000,304.8200,11.5400
2026-07-30 16:00:27,310.0000,300.0000,307.5000,305.8800,11.3000
2026-07-30 16:30:27,310.0000,300.0000,307.5000,306.2100,10.9300
2026-07-30 17:00:26,310.0000,300.0000,307.5000,304.6400,10.8800
2026-07-30 17:30:27,310.0000,300.0000,307.5000,305.8100,10.5100
2026-07-30 18:00:26,310.0000,300.0000,307.5000,307.4100,10.8000
2026-07-30 18:30:29,310.0000,300.0000,307.5000,307.3800,10.7300
2026-07-30 19:00:28,310.0000,300.0000,307.5000,307.6100,10.7900
2026-07-30 19:30:24,310.0000,300.0000,307.5000,309.5500,10.6900
2026-07-30 20:00:25,310.0000,300.0000,307.5000,309.7100,10.3800
2026-07-31 09:13:59,320.0000,300.0000,307.5000,316.4100,11.3500
2026-07-31 13:00:15,315.0000,300.0000,307.5000,311.3400,10.9300
2026-07-31 13:30:32,315.0000,300.0000,307.5000,309.8400,10.9100
2026-07-31 14:00:30,315.0000,300.0000,307.5000,309.7900,14.8500
2026-07-31 14:30:30,307.5000,300.0000,297.5000,302.1400,14.0700
2026-07-31 15:00:32,307.5000,300.0000,307.5000,305.2500,12.3500
2026-07-31 15:30:24,310.0000,300.0000,307.5000,307.6200,13.6100
2026-07-31 15:46:30,307.5000,300.0000,307.5000,305.8700,13.5600
2026-07-31 15:53:32,307.5000,300.0000,307.5000,307.3100,13.4300
2026-07-31 16:00:29,307.5000,300.0000,307.5000,306.4000,12.7800
2026-07-31 16:30:25,310.0000,300.0000,307.5000,308.2500,12.6800
2026-07-31 17:00:24,310.0000,300.0000,307.5000,308.9000,12.2600
2026-07-31 17:30:26,315.0000,300.0000,307.5000,310.3100,12.2200
2026-07-31 18:00:31,312.5000,300.0000,307.5000,310.2400,12.6600
2026-07-31 18:30:33,312.5000,300.0000,307.5000,311.2200,14.6200
2026-07-31 18:33:08,312.5000,300.0000,307.5000,311.3700,11.8900
2026-07-31 18:36:40,315.0000,300.0000,307.5000,311.5600,12.5700
2026-07-31 19:00:31,312.5000,302.5000,307.5000,310.6300,13.6200
2026-07-31 19:30:29,312.5000,305.0000,307.5000,310.2400,12.9500
2026-08-03 08:57:20,330.0000,305.0000,307.5000,309.3100,8.8900
2026-08-03 11:04:03,330.0000,305.0000,307.5000,313.8100,9.0500
2026-08-03 13:00:14,330.0000,305.0000,307.5000,312.4100,9.0100
2026-08-03 13:30:28,330.0000,305.0000,307.5000,312.5400,9.0100
2026-08-03 14:00:30,330.0000,305.0000,307.5000,317.4600,11.1100
2026-08-03 14:30:31,330.0000,305.0000,307.5000,317.8000,10.8300
2026-08-03 15:00:23,330.0000,305.0000,307.5000,319.5000,10.7300
2026-08-03 15:30:19,330.0000,305.0000,307.5000,322.1000,10.9100
2026-08-03 16:00:19,330.0000,305.0000,307.5000,322.7600,10.8600
2026-08-03 16:23:34,330.0000,305.0000,307.5000,323.4700,10.8600
2026-08-03 16:30:22,330.0000,305.0000,307.5000,323.8000,10.8800
2026-08-03 16:44:03,330.0000,305.0000,307.5000,321.9800,10.8000
2026-08-03 17:00:24,330.0000,305.0000,307.5000,321.0500,10.6700
2026-08-03 17:20:51,330.0000,305.0000,307.5000,319.9400,10.7000
2026-08-03 17:29:01,330.0000,305.0000,307.5000,320.8000,10.7200
2026-08-03 17:30:25,330.0000,305.0000,307.5000,321.2000,10.7400
2026-08-03 18:00:23,330.0000,305.0000,307.5000,322.4700,10.8000
2026-08-03 18:10:47,330.0000,305.0000,307.5000,322.7600,10.7700
2026-08-03 18:30:30,330.0000,305.0000,307.5000,322.3500,10.7500
2026-08-03 19:00:32,330.0000,305.0000,307.5000,322.5500,10.7200
2026-08-03 19:30:30,330.0000,305.0000,307.5000,322.5800,10.7400
2026-08-03 20:00:31,330.0000,305.0000,307.5000,322.4900,10.8100
2026-08-04 13:39:32,330.0000,305.0000,307.5000,324.3300,10.8000
2026-08-04 13:48:27,330.0000,305.0000,307.5000,322.8200,11.5600
2026-08-04 14:00:22,330.0000,305.0000,307.5000,321.5500,11.4800
2026-08-04 14:30:20,330.0000,305.0000,307.5000,325.2100,11.4700
2026-08-04 15:00:22,330.0000,305.0000,307.5000,323.6800,11.0300
2026-08-04 15:30:26,330.0000,305.0000,307.5000,324.5000,11.2000
2026-08-04 15:40:23,330.0000,305.0000,307.5000,324.5500,11.1800
2026-08-04 16:00:22,330.0000,305.0000,307.5000,323.6300,11.0300
2026-08-04 16:30:22,330.0000,305.0000,307.5000,324.6900,11.0300
2026-08-04 17:00:19,330.0000,305.0000,307.5000,324.9800,11.1000
2026-08-04 17:30:18,330.0000,305.0000,307.5000,326.1900,11.2200
2026-08-04 18:00:21,330.0000,305.0000,307.5000,326.9300,11.2000
2026-08-04 18:30:25,330.0000,305.0000,307.5000,326.3800,11.1800
2026-08-04 19:00:25,330.0000,305.0000,307.5000,327.5500,11.3000
2026-08-04 19:26:29,330.0000,305.0000,307.5000,329.1100,11.5400
2026-08-04 19:30:26,330.0000,305.0000,307.5000,329.2100,11.6100
2026-08-04 20:00:23,330.0000,305.0000,307.5000,328.2500,11.5300
2026-08-05 08:52:09,330.0000,305.0000,312.5000,325.3800,11.1600
2026-08-05 12:44:26,330.0000,305.0000,312.5000,324.7300,11.1400
2026-08-05 13:00:22,330.0000,305.0000,312.5000,324.8300,11.1400
2026-08-05 13:30:20,330.0000,305.0000,312.5000,323.5100,11.1000
2026-08-05 14:00:20,330.0000,305.0000,312.5000,324.4300,11.5000
2026-08-05 14:30:21,330.0000,305.0000,312.5000,325.0800,11.0100
2026-08-05 14:52:59,330.0000,305.0000,312.5000,324.1500,10.6100
2026-08-05 15:00:26,330.0000,305.0000,312.5000,324.5000,10.5100
2026-08-05 15:30:24,330.0000,305.0000,312.5000,322.7300,10.2600
2026-08-05 16:00:23,330.0000,305.0000,312.5000,322.7600,10.2200
2026-08-05 16:18:20,330.0000,305.0000,312.5000,322.1500,10.1100
2026-08-05 16:30:25,330.0000,305.0000,312.5000,322.2300,10.1600
2026-08-05 17:00:27,330.0000,305.0000,312.5000,323.5900,9.8700
2026-08-05 17:30:22,330.0000,305.0000,312.5000,323.4500,9.7400
2026-08-05 18:00:23,330.0000,305.0000,312.5000,323.1900,9.5800
2026-08-05 18:30:29,330.0000,305.0000,312.5000,322.7700,9.5200
2026-08-05 18:55:25,330.0000,305.0000,312.5000,320.9400,9.6900
2026-08-05 19:00:24,330.0000,305.0000,312.5000,320.6400,9.7000
2026-08-05 19:30:29,330.0000,305.0000,312.5000,321.8800,9.7700
2026-08-05 19:41:51,330.0000,305.0000,312.5000,322.3100,9.9400
2026-08-05 19:54:12,330.0000,305.0000,312.5000,322.4700,9.9700
2026-08-05 20:00:31,330.0000,305.0000,312.5000,322.0800,9.9700
2026-08-06 10:52:19,330.0000,305.0000,322.5000,322.0800,9.6200
2026-08-06 13:00:11,330.0000,305.0000,322.5000,321.5000,9.6000
2026-08-06 13:22:51,330.0000,305.0000,322.5000,320.6600,9.7000
2026-08-06 13:30:24,330.0000,305.0000,317.5000,319.6000,9.7100
2026-08-06 14:00:18,330.0000,305.0000,317.5000,318.3000,10.6900
2026-08-06 14:30:20,330.0000,305.0000,322.5000,320.7700,10.5400
2026-08-06 15:00:21,330.0000,320.0000,322.5000,320.9600,10.3300
2026-08-06 15:30:17,330.0000,320.0000,322.5000,322.2900,10.4400
2026-08-06 16:00:18,330.0000,320.0000,322.5000,320.8900,9.9000
2026-08-06 16:30:17,325.0000,305.0000,317.5000,318.7700,9.8400
2026-08-06 17:00:17,325.0000,305.0000,317.5000,318.5900,9.7500
2026-08-06 17:30:18,325.0000,305.0000,317.5000,318.6300,9.8400
2026-08-06 18:00:18,317.5000,305.0000,317.5000,317.3700,9.6100
2026-08-06 18:30:21,325.0000,305.0000,317.5000,318.5000,9.3300
2026-08-06 19:00:27,325.0000,305.0000,317.5000,318.6200,9.4700
2026-08-06 19:30:25,325.0000,310.0000,317.5000,319.2500,9.2700
2026-08-06 20:00:20,325.0000,310.0000,317.5000,318.6900,9.1800
2026-08-07 11:02:13,330.0000,310.0000,322.5000,321.3000,9.3200
2026-08-07 13:00:11,330.0000,310.0000,322.5000,322.4000,9.4000
2026-08-07 13:30:19,330.0000,310.0000,322.5000,322.3400,9.3600
2026-08-07 14:00:17,330.0000,320.0000,322.5000,326.1000,14.1100
2026-08-07 14:30:24,325.0000,320.0000,322.5000,323.8500,13.1600
2026-08-07 15:00:24,330.0000,320.0000,322.5000,328.4300,14.8300
2026-08-07 15:30:21,330.0000,320.0000,322.5000,329.8200,11.7000
2026-08-07 16:00:29,332.5000,320.0000,322.5000,331.6400,13.0200
2026-08-07 16:30:28,332.5000,320.0000,322.5000,331.8900,9.8700
2026-08-07 17:00:24,330.0000,320.0000,322.5000,328.4600,11.3700
2026-08-07 17:30:21,330.0000,320.0000,322.5000,327.0600,12.1500
2026-08-07 18:00:21,330.0000,320.0000,322.5000,327.3800,11.9100
2026-08-07 18:30:24,330.0000,320.0000,322.5000,327.5700,12.7800
2026-08-07 19:00:24,330.0000,320.0000,322.5000,327.1100,13.9200
2026-08-07 19:30:26,330.0000,50.0000,nan,328.6500,11.8900
2026-08-07 20:00:27,330.0000,50.0000,nan,327.2300,16.7600
2026-08-10 04:00:12,350.0000,300.0000,327.5000,329.0000,8.4300
2026-08-10 05:09:07,350.0000,300.0000,327.5000,329.0000,8.4300
2026-08-10 08:09:43,350.0000,300.0000,327.5000,329.0000,8.4300
2026-08-10 10:27:19,350.0000,300.0000,332.5000,332.0600,8.5200
2026-08-10 13:00:12,350.0000,300.0000,327.5000,328.5300,8.4100
2026-08-10 13:30:24,350.0000,300.0000,327.5000,328.5400,8.3900
2026-08-10 14:00:25,350.0000,300.0000,327.5000,327.3600,8.8500
2026-08-10 14:23:30,350.0000,320.0000,327.5000,329.7500,8.7800
2026-08-10 14:30:24,350.0000,320.0000,327.5000,329.8200,8.7700
2026-08-10 15:00:24,350.0000,320.0000,332.5000,330.5400,8.6700
2026-08-10 15:12:02,350.0000,320.0000,327.5000,329.9500,8.5900
2026-08-10 15:30:33,350.0000,320.0000,327.5000,329.7800,8.4700
2026-08-10 16:00:26,350.0000,320.0000,327.5000,329.4800,8.4400
2026-08-10 16:30:25,350.0000,320.0000,332.5000,330.9200,8.5100
2026-08-10 17:00:36,350.0000,320.0000,327.5000,328.9300,8.3900
2026-08-10 17:30:28,350.0000,320.0000,327.5000,329.5900,8.3600
2026-08-10 18:00:22,350.0000,320.0000,327.5000,329.0500,8.3500
2026-08-10 18:12:42,350.0000,320.0000,327.5000,328.7500,8.3500
2026-08-10 18:30:27,350.0000,320.0000,327.5000,329.1300,8.3100
2026-08-10 19:00:23,350.0000,320.0000,327.5000,328.5500,8.2300
2026-08-10 19:30:21,350.0000,320.0000,327.5000,329.4000,8.2300
2026-08-10 19:33:37,350.0000,320.0000,327.5000,329.1900,8.2200
2026-08-10 20:00:25,350.0000,320.0000,327.5000,329.8300,8.2900
2026-08-11 05:18:09,350.0000,320.0000,332.5000,330.2500,8.2300
2026-08-11 13:00:13,350.0000,320.0000,332.5000,331.8000,8.2700
2026-08-11 13:30:31,350.0000,320.0000,332.5000,331.4000,8.2600
2026-08-11 14:00:35,350.0000,320.0000,332.5000,331.5400,8.4100
2026-08-11 14:30:33,350.0000,320.0000,332.5000,335.2300,8.4800
2026-08-11 15:00:32,350.0000,320.0000,332.5000,334.8600,8.3400
2026-08-11 15:30:29,350.0000,320.0000,332.5000,333.5800,8.2400
2026-08-11 16:00:25,350.0000,320.0000,332.5000,333.4800,8.1900
2026-08-11 16:30:22,350.0000,320.0000,332.5000,332.9900,8.0600
2026-08-11 17:00:21,350.0000,320.0000,332.5000,331.5500,8.0200
2026-08-11 17:30:22,350.0000,320.0000,332.5000,331.4300,7.9400
2026-08-11 18:00:26,350.0000,320.0000,332.5000,331.9500,7.9300
2026-08-11 18:30:29,350.0000,320.0000,332.5000,332.2900,7.9100
2026-08-11 19:00:29,350.0000,320.0000,332.5000,331.6800,7.9500
2026-08-11 19:30:27,350.0000,320.0000,332.5000,332.3100,7.9600
2026-08-11 20:00:28,350.0000,320.0000,332.5000,332.3700,7.9600
2026-08-12 05:12:21,350.0000,320.0000,332.5000,332.9900,7.9700
2026-08-12 10:19:54,350.0000,320.0000,332.5000,334.4700,8.1300
22026-08-12 13:00:10,350.0000,320.0000,332.5000,333.9900,8.1100
2026-08-12 13:30:24,350.0000,320.0000,332.5000,334.3600,8.1200
2026-08-12 14:00:30,350.0000,320.0000,332.5000,329.3100,7.9700
2026-08-12 14:30:31,350.0000,320.0000,325.0000,327.8400,7.7200
2026-08-12 15:00:30,350.0000,320.0000,325.0000,325.0500,7.7000
2026-08-12 15:11:26,350.0000,320.0000,325.0000,323.8400,7.7000
2026-08-12 15:30:34,350.0000,320.0000,325.0000,325.2100,7.6700
2026-08-12 16:00:34,350.0000,320.0000,325.0000,324.5600,7.6300
2026-08-12 16:30:33,350.0000,320.0000,325.0000,326.8200,7.7700
2026-08-12 17:00:28,350.0000,320.0000,325.0000,326.6300,7.6600
2026-08-12 17:30:25,350.0000,320.0000,325.0000,326.7600,7.6700
2026-08-12 18:00:23,350.0000,320.0000,325.0000,326.0200,7.6800
2026-08-12 18:30:23,350.0000,320.0000,325.0000,326.6900,7.7000
2026-08-12 19:00:26,350.0000,320.0000,325.0000,326.5600,7.7700
2026-08-12 19:30:27,350.0000,320.0000,325.0000,327.2300,7.7300
2026-08-12 20:00:28,350.0000,320.0000,325.0000,327.3100,7.6600
2026-08-13 07:51:52,350.0000,320.0000,325.0000,326.9800,7.6000
2026-08-13 13:00:14,350.0000,320.0000,322.5000,324.9500,7.5500
2026-08-13 13:30:24,350.0000,320.0000,327.5000,325.6400,7.5700
2026-08-13 14:00:19,350.0000,320.0000,327.5000,329.4000,7.6600
2026-08-13 14:30:22,350.0000,320.0000,332.5000,332.6000,7.7400
2026-08-13 15:00:25,350.0000,320.0000,332.5000,333.7800,7.8300
2026-08-13 15:30:24,350.0000,320.0000,332.5000,333.7000,7.7400
2026-08-13 16:00:25,350.0000,320.0000,332.5000,333.5800,7.8400
2026-08-13 16:30:28,350.0000,320.0000,332.5000,333.6100,7.7900
2026-08-13 17:00:25,350.0000,320.0000,332.5000,335.1100,7.8800
2026-08-13 17:30:20,350.0000,320.0000,332.5000,336.1000,7.9800
2026-08-13 18:00:23,350.0000,320.0000,332.5000,336.1500,7.8400
2026-08-13 18:11:13,350.0000,320.0000,332.5000,336.2200,7.9300
2026-08-13 18:30:31,350.0000,320.0000,332.5000,337.6700,8.0600
22026-08-13 19:00:30,350.0000,320.0000,332.5000,338.4000,7.9900
2026-08-13 19:30:29,350.0000,320.0000,332.5000,339.4300,8.0800
2026-08-13 20:00:30,350.0000,320.0000,332.5000,339.3500,8.0600
2026-08-14 06:54:16,350.0000,320.0000,332.5000,341.5300,8.1100
2026-08-14 13:00:10,350.0000,320.0000,332.5000,342.1200,8.1600
2026-08-14 13:30:22,350.0000,320.0000,332.5000,345.2300,8.3500
2026-08-14 14:00:21,350.0000,320.0000,332.5000,346.5400,8.6200
2026-08-14 14:30:18,350.0000,320.0000,332.5000,347.7800,8.6300
2026-08-14 15:00:23,350.0000,320.0000,332.5000,343.2700,8.3100
2026-08-14 15:30:27,350.0000,320.0000,332.5000,338.8300,8.1900
2026-08-14 16:00:22,350.0000,320.0000,332.5000,337.8800,8.0700
2026-08-14 16:30:22,350.0000,320.0000,332.5000,340.0500,8.0800
2026-08-14 17:00:27,350.0000,320.0000,332.5000,339.6800,7.9800
2026-08-14 17:30:27,350.0000,320.0000,332.5000,338.7900,7.9800
2026-08-14 18:00:22,350.0000,320.0000,332.5000,341.0500,8.0300
2026-08-14 18:30:20,350.0000,320.0000,332.5000,341.6100,8.0500
2026-08-14 19:00:23,350.0000,320.0000,332.5000,341.6400,8.0500
2026-08-14 19:30:26,350.0000,320.0000,332.5000,341.2700,8.0200
2026-08-14 20:00:23,350.0000,320.0000,332.5000,341.5500,7.9900
2026-08-17 04:00:11,350.0000,320.0000,332.5000,341.6300,7.8100
2026-08-17 05:07:26,350.0000,320.0000,332.5000,341.6300,7.8100
2026-08-17 13:15:25,345.0000,320.0000,342.5000,340.3600,7.8000
2026-08-17 15:00:10,345.0000,320.0000,342.5000,340.2900,9.0500
2026-08-17 15:30:27,345.0000,320.0000,342.5000,340.9300,8.8500
2026-08-17 16:00:27,345.0000,320.0000,342.5000,340.2800,8.7000
2026-08-17 16:30:27,345.0000,320.0000,342.5000,340.9200,8.7800
2026-08-17 17:00:26,345.0000,320.0000,342.5000,340.0800,8.6400
2026-08-17 17:30:21,345.0000,320.0000,337.5000,339.5500,8.7200
2026-08-17 18:00:26,345.0000,320.0000,342.5000,340.6200,8.9000
2026-08-17 18:30:27,345.0000,320.0000,337.5000,339.7200,8.7500
2026-08-17 19:00:25,345.0000,320.0000,342.5000,340.0500,8.8200
2026-08-17 19:30:22,345.0000,320.0000,342.5000,340.5200,8.8800
2026-08-17 20:00:23,345.0000,320.0000,337.5000,339.4000,9.0900
2026-08-18 04:59:33,345.0000,320.0000,337.5000,339.8400,9.1000
2026-08-18 07:40:18,345.0000,320.0000,337.5000,339.8400,9.1000
2026-08-18 13:00:12,345.0000,320.0000,335.0000,333.8200,8.9200
2026-08-18 13:30:27,345.0000,320.0000,335.0000,334.4700,8.9400
2026-08-18 14:00:23,345.0000,320.0000,335.0000,337.5000,9.8200
2026-08-18 14:30:24,345.0000,320.0000,335.0000,336.2300,9.7700
2026-08-18 15:00:32,345.0000,320.0000,335.0000,336.8700,9.4700
2026-08-18 15:30:28,345.0000,320.0000,337.5000,336.4600,9.3500
2026-08-18 16:00:22,345.0000,320.0000,335.0000,338.1000,9.5600
2026-08-18 16:30:22,345.0000,320.0000,335.0000,339.1500,9.6100
2026-08-18 17:00:23,345.0000,320.0000,337.5000,337.5700,9.5200
2026-08-18 17:30:20,345.0000,320.0000,335.0000,338.5400,9.6400
2026-08-18 18:00:18,345.0000,320.0000,335.0000,337.1700,9.6500
2026-08-18 18:30:18,345.0000,320.0000,335.0000,336.6600,9.5700
2026-08-18 19:00:25,345.0000,320.0000,335.0000,335.4900,9.5600
2026-08-18 19:30:33,345.0000,320.0000,335.0000,336.1000,9.7400
2026-08-18 20:00:28,345.0000,320.0000,335.0000,336.9800,9.6100
2026-08-19 06:07:35,345.0000,320.0000,335.0000,336.1000,9.4800
2026-08-19 13:00:11,345.0000,330.0000,337.5000,337.2600,9.5800
2026-08-19 13:30:27,345.0000,330.0000,337.5000,337.8000,9.5900
2026-08-19 14:00:32,345.0000,330.0000,337.5000,340.0000,10.3300
2026-08-19 14:30:34,345.0000,330.0000,337.5000,338.3000,10.0600
2026-08-19 15:00:33,350.0000,330.0000,337.5000,346.0500,10.7900
2026-08-19 15:30:32,350.0000,330.0000,337.5000,346.9600,10.5700
2026-08-19 15:31:29,350.0000,330.0000,337.5000,346.3800,10.5400
2026-08-19 16:00:29,350.0000,330.0000,337.5000,346.7000,10.3100
2026-08-19 16:30:35,350.0000,330.0000,337.5000,348.3500,10.4400
2026-08-19 17:00:35,350.0000,330.0000,337.5000,346.5600,10.1700
2026-08-19 17:30:33,350.0000,330.0000,337.5000,346.7600,10.1700
2026-08-19 17:49:36,350.0000,330.0000,337.5000,346.1200,10.2200
2026-08-19 18:00:28,350.0000,330.0000,337.5000,346.9600,10.2300
2026-08-19 18:30:25,350.0000,330.0000,337.5000,348.1200,10.4400
2026-08-19 19:00:24,350.0000,330.0000,337.5000,348.7900,10.4700
2026-08-19 19:30:24,350.0000,330.0000,337.5000,348.5000,10.3900
2026-08-19 20:00:27,350.0000,330.0000,337.5000,348.5200,10.5400
2026-08-20 12:25:43,350.0000,340.0000,342.5000,346.3800,10.4600
2026-08-20 13:00:11,350.0000,340.0000,342.5000,344.4300,10.2300
2026-08-20 13:30:22,350.0000,340.0000,342.5000,344.9900,10.5200
2026-08-20 14:00:20,350.0000,340.0000,342.5000,343.7200,11.2200
2026-08-20 14:30:22,345.0000,340.0000,342.5000,342.5800,10.8500
2026-08-20 15:00:24,345.0000,340.0000,342.5000,340.0800,10.4800
2026-08-20 15:30:22,345.0000,340.0000,342.5000,342.8200,10.2000
2026-08-20 16:00:26,345.0000,340.0000,342.5000,343.6700,10.4200
2026-08-20 16:30:29,350.0000,340.0000,342.5000,345.8800,10.4900
2026-08-20 17:00:25,350.0000,340.0000,342.5000,344.6100,9.2600
2026-08-20 17:30:28,345.0000,340.0000,342.5000,343.4300,9.1400
2026-08-20 18:00:31,345.0000,340.0000,342.5000,341.8900,9.4500
2026-08-20 18:30:28,345.0000,340.0000,342.5000,341.7600,10.0900
2026-08-20 19:00:23,345.0000,340.0000,342.5000,343.4700,9.9000
2026-08-20 19:12:48,345.0000,340.0000,342.5000,343.4800,9.7700
2026-08-20 19:18:56,345.0000,340.0000,342.5000,343.7200,9.9900
2026-08-20 19:30:28,345.0000,340.0000,342.5000,343.1500,9.7800
2026-08-20 20:00:25,345.0000,340.0000,342.5000,343.4900,9.8500
2026-08-21 11:24:07,350.0000,340.0000,342.5000,348.7400,9.9500
2026-08-21 13:00:09,350.0000,340.0000,342.5000,349.7500,9.9800
2026-08-21 13:30:23,350.0000,340.0000,342.5000,348.9100,9.5700
2026-08-21 14:00:22,350.0000,340.0000,342.5000,349.8900,15.1500
2026-08-21 14:30:16,360.0000,340.0000,342.5000,357.6300,16.2600
2026-08-21 15:00:17,360.0000,340.0000,342.5000,355.9000,16.2600
2026-08-21 15:30:20,365.0000,340.0000,342.5000,362.0600,17.1900
2026-08-21 16:00:22,365.0000,340.0000,342.5000,363.6500,17.8900
2026-08-21 16:30:24,365.0000,340.0000,342.5000,362.3000,17.1500
2026-08-21 17:00:23,365.0000,340.0000,342.5000,363.4300,14.2900
2026-08-21 17:30:21,365.0000,340.0000,342.5000,363.3100,13.2800
2026-08-21 18:00:26,365.0000,340.0000,342.5000,363.3000,14.4300
2026-08-21 19:00:30,365.0000,340.0000,342.5000,364.0600,16.0300
2026-08-21 19:30:31,365.0000,5.0000,nan,364.6800,15.3600
2026-08-21 20:00:30,365.0000,5.0000,nan,364.8200,17.8600
2026-08-24 04:00:09,370.0000,335.0000,337.5000,363.9200,9.5100
2026-08-24 06:42:28,370.0000,335.0000,337.5000,363.9200,9.5100
2026-08-24 13:00:14,365.0000,335.0000,360.0000,361.0500,9.4400
2026-08-24 13:30:28,365.0000,335.0000,360.0000,361.9600,9.4900
2026-08-24 14:00:28,365.0000,335.0000,355.0000,353.1700,10.8400
2026-08-24 14:30:30,365.0000,335.0000,355.0000,354.2400,10.4000
2026-08-24 15:00:28,365.0000,335.0000,360.0000,357.9100,10.3400
2026-08-24 15:30:29,365.0000,335.0000,360.0000,358.1300,10.3500
2026-08-24 16:00:33,365.0000,335.0000,355.0000,357.1900,10.1600
2026-08-24 16:30:28,365.0000,335.0000,355.0000,355.9700,10.0400
2026-08-24 17:00:25,365.0000,335.0000,355.0000,354.9400,10.0200
2026-08-24 17:30:28,365.0000,335.0000,355.0000,356.0300,9.9300
2026-08-24 18:00:29,365.0000,335.0000,355.0000,354.8200,10.0800
2026-08-24 18:30:28,365.0000,335.0000,355.0000,354.4300,10.0700
2026-08-24 19:00:25,365.0000,335.0000,355.0000,352.6000,10.1300
2026-08-24 19:30:21,365.0000,335.0000,347.5000,349.5600,10.2000
2026-08-24 20:00:24,365.0000,335.0000,347.5000,348.8700,10.2400
2026-08-25 18:51:37,365.0000,340.0000,347.5000,352.1200,10.2700
2026-08-25 19:00:35,365.0000,340.0000,347.5000,351.7600,10.3000
2026-08-25 19:35:00,365.0000,340.0000,347.5000,351.9900,10.2900
2026-08-25 20:00:33,365.0000,340.0000,347.5000,351.6500,10.1900
2026-08-26 13:22:12,365.0000,340.0000,347.5000,346.5600,9.9900
2026-08-26 13:30:22,365.0000,340.0000,347.5000,346.3900,9.9800
2026-08-26 14:00:20,365.0000,340.0000,347.5000,348.8000,11.0000
2026-08-26 14:30:20,365.0000,340.0000,347.5000,348.6900,10.8300
2026-08-26 15:00:19,365.0000,340.0000,347.5000,345.9600,10.5100
2026-08-26 15:30:24,365.0000,340.0000,347.5000,344.7700,10.3300
2026-08-26 16:00:25,365.0000,340.0000,347.5000,344.1200,10.2900
2026-08-26 16:30:21,365.0000,340.0000,347.5000,344.3200,10.2100
2026-08-26 17:00:23,365.0000,340.0000,347.5000,344.3300,10.1800
2026-08-26 17:30:22,365.0000,340.0000,347.5000,345.1000,10.1300
2026-08-26 18:00:29,365.0000,340.0000,347.5000,346.8100,10.3000
2026-08-26 18:30:32,365.0000,340.0000,347.5000,344.5600,10.4300
2026-08-26 19:00:30,365.0000,340.0000,347.5000,345.6300,10.3600
2026-08-26 19:30:30,365.0000,340.0000,347.5000,345.7400,10.3600
2026-08-26 20:00:27,365.0000,340.0000,347.5000,345.6700,10.5200
2026-08-27 04:53:48,365.0000,340.0000,347.5000,347.7000,10.5700
2026-08-27 13:00:12,360.0000,345.0000,347.5000,346.5100,10.3300
2026-08-27 13:30:27,360.0000,345.0000,347.5000,346.0100,10.3900
2026-08-27 14:00:27,360.0000,345.0000,347.5000,350.8800,11.6900
2026-08-27 14:30:26,360.0000,345.0000,347.5000,352.0100,11.4500
2026-08-27 15:00:26,360.0000,345.0000,347.5000,352.1900,11.0700
2026-08-27 15:30:24,360.0000,345.0000,347.5000,352.9500,11.4100
2026-08-27 16:00:22,360.0000,345.0000,347.5000,351.2400,10.9600
2026-08-27 16:30:20,360.0000,345.0000,347.5000,352.4200,10.8600
2026-08-27 17:00:25,360.0000,345.0000,347.5000,353.2500,10.6800
2026-08-27 17:30:25,360.0000,345.0000,347.5000,355.1400,10.8000
2026-08-27 18:00:25,360.0000,345.0000,347.5000,354.6900,10.6700
2026-08-27 18:30:31,360.0000,345.0000,347.5000,353.3800,10.5200
2026-08-27 19:00:31,360.0000,345.0000,347.5000,355.2900,10.3400
2026-08-27 19:30:32,360.0000,345.0000,347.5000,354.9500,10.1200
2026-08-27 20:00:30,360.0000,345.0000,347.5000,354.5100,9.5600
2026-08-28 07:45:12,360.0000,345.0000,347.5000,354.6500,9.8300
2026-08-28 13:00:12,360.0000,345.0000,350.0000,355.2100,9.8700
2026-08-28 13:30:21,360.0000,345.0000,350.0000,355.8100,9.8900
2026-08-28 14:00:20,360.0000,345.0000,350.0000,356.1500,16.0600
2026-08-28 14:30:28,360.0000,345.0000,350.0000,351.6700,15.1700
2026-08-28 15:00:28,360.0000,345.0000,350.0000,352.5800,11.8300
2026-08-28 15:30:22,360.0000,345.0000,350.0000,354.1100,12.3600
2026-08-28 16:00:22,360.0000,345.0000,350.0000,349.9300,11.8400
2026-08-28 16:30:21,355.0000,345.0000,350.0000,348.6000,12.3900
2026-08-28 17:00:24,355.0000,345.0000,350.0000,347.1200,11.5900
2026-08-28 17:30:25,350.0000,345.0000,350.0000,346.6200,13.4000
2026-08-28 18:00:22,350.0000,345.0000,350.0000,346.6200,11.7500
2026-08-28 18:30:24,350.0000,345.0000,350.0000,346.5300,12.5600
2026-08-28 19:00:25,360.0000,345.0000,350.0000,345.7500,16.0400
2026-08-28 19:30:26,360.0000,345.0000,350.0000,346.1900,14.1300
2026-08-28 20:00:29,350.0000,345.0000,350.0000,347.5500,19.1300
2026-08-31 04:00:09,360.0000,340.0000,345.0000,348.1200,8.0300
2026-08-31 09:56:29,360.0000,340.0000,350.0000,347.6800,8.0100
2026-08-31 10:35:35,360.0000,340.0000,345.0000,346.8600,8.0100
2026-08-31 13:00:13,360.0000,340.0000,345.0000,346.0000,7.9900
2026-08-31 13:30:29,360.0000,340.0000,345.0000,346.4300,8.0000
2026-08-31 13:41:04,360.0000,340.0000,345.0000,346.3800,8.0000
2026-08-31 14:00:31,360.0000,340.0000,350.0000,356.6900,10.7400
2026-08-31 14:30:29,370.0000,340.0000,350.0000,360.6100,11.0400
2026-08-31 15:00:30,370.0000,340.0000,350.0000,365.5000,11.3800
2026-08-31 15:30:29,370.0000,340.0000,350.0000,365.0400,11.2100
2026-08-31 16:00:30,370.0000,340.0000,350.0000,364.7200,11.2600
2026-08-31 16:30:28,370.0000,340.0000,350.0000,366.4000,11.5500
2026-08-31 17:00:23,370.0000,340.0000,350.0000,364.9500,11.2600
2026-08-31 17:30:26,370.0000,340.0000,350.0000,366.5700,11.4500
2026-08-31 18:00:27,370.0000,340.0000,350.0000,367.2500,11.6000
2026-08-31 18:30:25,370.0000,340.0000,350.0000,367.6200,11.5300
2026-08-31 19:00:27,370.0000,340.0000,350.0000,365.9200,11.2400
2026-08-31 19:26:57,370.0000,340.0000,350.0000,366.0600,11.2700
2026-08-31 19:30:25,370.0000,340.0000,350.0000,366.2500,11.3000
2026-08-31 20:00:25,370.0000,340.0000,350.0000,367.3500,11.5700
2026-09-01 09:02:32,370.0000,355.0000,357.5000,364.4500,11.2400
2026-09-01 13:00:12,370.0000,355.0000,357.5000,362.0000,11.1700
2026-09-01 13:30:35,370.0000,355.0000,357.5000,361.5300,11.1600
2026-09-01 14:00:33,370.0000,355.0000,357.5000,355.3600,10.7900
2026-09-01 14:30:25,370.0000,355.0000,357.5000,359.0100,10.7900
2026-09-01 15:00:28,370.0000,355.0000,357.5000,359.2100,10.6000
2026-09-01 15:30:25,370.0000,355.0000,357.5000,359.2400,10.5900
2026-09-01 16:00:25,370.0000,355.0000,357.5000,358.4300,10.3900
2026-09-01 16:30:27,370.0000,355.0000,357.5000,358.3800,10.5100
2026-09-01 17:00:27,370.0000,355.0000,357.5000,357.0700,10.4900
2026-09-01 17:30:27,370.0000,355.0000,357.5000,357.2100,10.5200
2026-09-01 18:00:24,370.0000,355.0000,357.5000,356.9200,10.5400
2026-09-01 18:30:22,370.0000,355.0000,357.5000,355.2600,10.6300
2026-09-01 19:00:25,370.0000,340.0000,352.5000,353.4900,10.7600
2026-09-01 19:30:25,370.0000,355.0000,357.5000,355.9900,10.6000
2026-09-01 20:00:24,370.0000,355.0000,357.5000,356.0000,10.5600
2026-09-02 07:39:53,370.0000,355.0000,357.5000,355.9700,10.6100
2026-09-02 13:00:10,360.0000,340.0000,357.5000,357.2500,10.7200
2026-09-02 13:00:10,360.0000,340.0000,357.5000,357.2500,10.7200
2026-09-02 13:15:20,360.0000,340.0000,357.5000,356.9800,10.6600
2026-09-02 13:30:24,360.0000,340.0000,357.5000,357.4700,10.7300
2026-09-02 13:30:25,360.0000,340.0000,357.5000,357.4700,10.7300
2026-09-02 14:00:25,360.0000,340.0000,350.0000,350.6300,12.0400
2026-09-02 14:00:26,360.0000,340.0000,350.0000,350.6300,12.0400
2026-09-02 14:30:21,360.0000,340.0000,352.5000,352.4100,11.5900
2026-09-02 14:30:22,360.0000,340.0000,352.5000,352.4100,11.5900
2026-09-02 15:00:21,360.0000,340.0000,357.5000,356.0100,11.9800
2026-09-02 15:00:21,360.0000,340.0000,357.5000,356.0100,11.9800
2026-09-02 15:30:24,360.0000,340.0000,352.5000,354.0900,12.0000
2026-09-02 15:30:25,360.0000,340.0000,352.5000,354.0900,12.0000
2026-09-02 16:00:20,360.0000,340.0000,352.5000,354.1200,11.8600
2026-09-02 16:00:21,360.0000,340.0000,352.5000,354.1200,11.8600
2026-09-02 16:30:21,360.0000,340.0000,352.5000,354.3800,12.0100
2026-09-02 17:00:27,360.0000,340.0000,352.5000,352.6400,12.3700
2026-09-02 17:00:28,360.0000,340.0000,352.5000,352.6400,12.3700
2026-09-02 17:30:26,360.0000,340.0000,352.5000,353.2000,12.1900
2026-09-02 17:30:27,360.0000,340.0000,352.5000,353.2000,12.1900
2026-09-02 18:00:21,360.0000,340.0000,352.5000,353.0000,12.1600
2026-09-02 18:00:24,360.0000,340.0000,352.5000,353.0000,12.1600
2026-09-02 18:30:24,360.0000,340.0000,352.5000,352.1300,12.4700
2026-09-02 18:30:24,360.0000,340.0000,352.5000,352.1300,12.4700
2026-09-02 19:00:27,360.0000,340.0000,352.5000,352.4300,12.7200
2026-09-02 19:00:27,360.0000,340.0000,352.5000,352.4300,12.7200
2026-09-02 19:30:27,360.0000,340.0000,352.5000,352.9500,12.7100
2026-09-02 19:30:27,360.0000,340.0000,352.5000,352.9500,12.7100
2026-09-02 20:00:24,360.0000,340.0000,352.5000,354.7100,12.8500
2026-09-02 20:00:24,360.0000,340.0000,352.5000,354.7100,12.8500
2026-09-03 12:51:41,370.0000,352.5000,357.5000,363.5000,13.1600
2026-09-03 13:00:11,370.0000,352.5000,357.5000,362.9300,13.1300
2026-09-03 13:00:24,370.0000,352.5000,357.5000,362.9300,13.1300
2026-09-03 13:30:20,370.0000,352.5000,357.5000,362.8500,13.1900
2026-09-03 13:30:27,370.0000,352.5000,357.5000,362.8500,13.1900
2026-09-03 14:00:19,380.0000,352.5000,357.5000,373.1700,16.6900
2026-09-03 14:00:25,380.0000,352.5000,357.5000,373.1700,16.6900
2026-09-03 14:30:20,380.0000,352.5000,357.5000,376.6800,17.0400
2026-09-03 14:30:22,380.0000,352.5000,357.5000,376.6800,17.0400
2026-09-03 15:00:18,380.0000,352.5000,357.5000,378.3900,17.2300
2026-09-03 15:00:19,380.0000,352.5000,357.5000,378.3900,17.2300
2026-09-03 15:30:17,390.0000,352.5000,357.5000,380.8100,17.4700
2026-09-03 15:30:17,390.0000,352.5000,357.5000,380.8100,17.4700
2026-09-03 16:00:17,390.0000,352.5000,357.5000,380.9400,17.3700
2026-09-03 16:00:18,390.0000,352.5000,357.5000,380.9400,17.3700
2026-09-03 16:30:17,400.0000,352.5000,357.5000,383.3900
2026-09-21 17:00:25,380.0000,350.0000,362.5000,374.1200,10.1800
7.9600
2026-09-03 17:00:19,400.0000,352.5000,357.5000,382.1500,17.9600
2026-09-03 17:30:20,400.0000,352.5000,357.5000,382.4400,18.5400
2026-09-03 17:30:20,400.0000,352.5000,357.5000,382.4400,18.5400
2026-09-03 18:00:20,400.0000,352.5000,357.5000,382.3100,18.3000
2026-09-03 18:00:20,400.0000,352.5000,357.5000,382.3100,18.3000
2026-09-03 18:30:19,400.0000,352.5000,357.5000,382.4300,18.2700
2026-09-03 18:30:20,400.0000,352.5000,357.5000,382.4300,18.2700
2026-09-03 19:00:20,390.0000,352.5000,357.5000,381.3000,18.7000
2026-09-03 19:00:21,390.0000,352.5000,357.5000,381.3000,18.7000
2026-09-03 19:30:20,390.0000,352.5000,357.5000,380.7500,18.8300
2026-09-03 19:30:21,390.0000,352.5000,357.5000,380.7500,18.8300
2026-09-03 20:00:21,380.0000,352.5000,357.5000,379.2500,18.7700
2026-09-03 20:00:22,380.0000,352.5000,357.5000,379.2500,18.7700
2026-09-04 06:46:59,420.0000,340.0000,355.0000,374.6400,10.4800
2026-09-04 11:18:12,420.0000,340.0000,362.5000,368.1800,10.3000
2026-09-04 13:00:13,420.0000,340.0000,362.5000,364.2100,10.1900
2026-09-04 13:00:17,420.0000,340.0000,362.5000,364.2100,10.1900
2026-09-04 13:30:26,420.0000,340.0000,362.5000,364.1000,10.1800
2026-09-04 13:30:30,420.0000,340.0000,362.5000,364.2300,10.1800
2026-09-04 14:00:25,370.0000,340.0000,357.5000,357.1200,8.8600
2026-09-04 14:00:28,370.0000,340.0000,357.5000,357.1200,8.8600
2026-09-04 14:30:25,370.0000,340.0000,355.0000,355.3700,8.7100
2026-09-04 14:30:28,370.0000,340.0000,355.0000,355.3700,8.7100
2026-09-04 15:00:23,370.0000,340.0000,355.0000,352.5600,8.7400
2026-09-04 15:00:24,370.0000,340.0000,355.0000,352.5600,8.7400
2026-09-04 15:30:19,370.0000,340.0000,355.0000,353.4900,8.7600
2026-09-04 15:30:20,370.0000,340.0000,355.0000,353.4900,8.7600
2026-09-04 16:00:19,370.0000,340.0000,355.0000,352.4200,8.8400
2026-09-04 16:30:21,370.0000,340.0000,355.0000,352.4800,8.7800
2026-09-04 16:30:22,370.0000,340.0000,355.0000,352.4800,8.7800
2026-09-04 17:00:20,370.0000,340.0000,355.0000,352.1600,8.7400
2026-09-04 17:00:21,370.0000,340.0000,355.0000,352.1600,8.7400
2026-09-04 17:30:19,370.0000,340.0000,355.0000,351.8600,8.7300
2026-09-04 17:30:19,370.0000,340.0000,355.0000,351.8600,8.7300
2026-09-04 18:00:21,370.0000,340.0000,355.0000,351.9800,8.7700
2026-09-04 18:00:22,370.0000,340.0000,355.0000,351.9800,8.7700
2026-09-04 18:30:21,370.0000,340.0000,355.0000,354.0400,8.8800
2026-09-04 18:30:21,370.0000,340.0000,355.0000,354.0400,8.8800
2026-09-04 19:00:23,370.0000,340.0000,355.0000,353.4400,8.8000
2026-09-04 19:00:23,370.0000,340.0000,355.0000,353.4400,8.8000
2026-09-04 19:30:22,370.0000,340.0000,355.0000,354.3800,8.7800
2026-09-04 19:30:23,370.0000,340.0000,355.0000,354.3800,8.7800
2026-09-04 20:00:19,370.0000,340.0000,355.0000,353.4100,8.6600
2026-09-04 20:00:19,370.0000,340.0000,355.0000,353.4100,8.6600
2026-09-07 09:10:22,370.0000,340.0000,355.0000,352.8900,8.5500
2026-09-07 13:00:10,370.0000,340.0000,355.0000,352.8900,8.5500
2026-09-07 13:00:10,370.0000,340.0000,355.0000,352.8900,8.5500
2026-09-07 13:30:20,370.0000,340.0000,355.0000,352.8900,8.5500
2026-09-07 13:30:20,370.0000,340.0000,355.0000,352.8900,8.5500
2026-09-07 14:00:20,370.0000,340.0000,355.0000,352.8900,8.5500
2026-09-07 14:00:20,370.0000,340.0000,355.0000,352.8900,8.5500
2026-09-07 14:30:20,370.0000,340.0000,355.0000,352.8900,8.5500
2026-09-07 14:30:20,370.0000,340.0000,355.0000,352.8900,8.5500
2026-09-07 15:00:20,370.0000,340.0000,355.0000,352.8900,8.5500
2026-09-07 15:00:20,370.0000,340.0000,355.0000,352.8900,8.5500
2026-09-07 15:30:19,370.0000,340.0000,355.0000,352.8900,8.5500
2026-09-07 15:30:20,370.0000,340.0000,355.0000,352.8900,8.5500
2026-09-07 16:00:18,370.0000,340.0000,355.0000,352.8900,8.5500
2026-09-07 16:00:19,370.0000,340.0000,355.0000,352.8900,8.5500
2026-09-07 16:30:18,370.0000,340.0000,355.0000,352.8900,8.5500
2026-09-07 16:30:18,370.0000,340.0000,355.0000,352.8900,8.5500
2026-09-07 17:00:19,370.0000,340.0000,355.0000,352.8900,8.5500
2026-09-07 17:00:20,370.0000,340.0000,355.0000,352.8900,8.5500
2026-09-07 17:30:22,370.0000,340.0000,355.0000,352.8900,8.5500
2026-09-07 17:30:23,370.0000,340.0000,355.0000,352.8900,8.5500
2026-09-07 18:00:25,370.0000,340.0000,355.0000,352.8900,8.5500
2026-09-07 18:00:26,370.0000,340.0000,355.0000,352.8900,8.5500
2026-09-07 18:30:21,370.0000,340.0000,355.0000,352.8900,8.5500
2026-09-07 18:30:24,370.0000,340.0000,355.0000,352.8900,8.5500
2026-09-07 19:00:20,370.0000,340.0000,355.0000,352.8900,8.5500
2026-09-07 19:00:20,370.0000,340.0000,355.0000,352.8900,8.5500
2026-09-07 19:30:21,370.0000,340.0000,355.0000,352.8900,8.5500
2026-09-07 19:30:21,370.0000,340.0000,355.0000,352.8900,8.5500
2026-09-07 20:00:20,370.0000,340.0000,355.0000,352.8900,8.5500
2026-09-07 20:00:21,370.0000,340.0000,355.0000,352.8900,8.5500
2026-09-08 09:04:53,370.0000,340.0000,355.0000,352.8900,8.5500
2026-09-08 11:39:39,370.0000,340.0000,355.0000,353.6300,8.5700
2026-09-08 13:00:11,370.0000,340.0000,355.0000,355.4400,8.6200
2026-09-08 13:00:11,370.0000,340.0000,355.0000,355.4400,8.6200
2026-09-08 13:30:24,370.0000,340.0000,357.5000,356.4900,8.6400
2026-09-08 13:30:24,370.0000,340.0000,357.5000,356.4900,8.6400
2026-09-08 13:53:33,370.0000,340.0000,362.5000,361.2500,9.9300
2026-09-08 14:00:21,370.0000,340.0000,357.5000,358.3300,9.8900
2026-09-08 14:00:24,370.0000,340.0000,357.5000,358.3300,9.8900
2026-09-08 14:12:28,370.0000,340.0000,357.5000,359.3300,10.0100
2026-09-08 14:30:24,370.0000,340.0000,362.5000,362.0000,10.2100
2026-09-08 14:30:24,370.0000,340.0000,362.5000,362.0000,10.2100
2026-09-08 15:00:23,370.0000,340.0000,362.5000,363.8200,10.0700
2026-09-08 15:00:26,370.0000,340.0000,362.5000,363.8200,10.0700
2026-09-08 15:30:21,370.0000,340.0000,362.5000,364.9400,10.0800
2026-09-08 15:30:22,370.0000,340.0000,362.5000,364.9400,10.0800
2026-09-08 16:00:24,370.0000,340.0000,362.5000,366.5000,10.1800
2026-09-08 16:00:26,370.0000,340.0000,362.5000,366.5000,10.1800
2026-09-08 16:22:58,370.0000,340.0000,362.5000,367.4900,10.2300
2026-09-08 16:30:26,370.0000,340.0000,362.5000,367.3000,10.2000
2026-09-08 16:30:27,370.0000,340.0000,362.5000,367.3000,10.2000
2026-09-08 17:00:23,370.0000,340.0000,362.5000,369.1400,10.3400
2026-09-08 17:00:24,370.0000,340.0000,362.5000,369.1400,10.3400
2026-09-08 17:30:20,370.0000,340.0000,362.5000,368.3100,10.1100
2026-09-08 17:30:20,370.0000,340.0000,362.5000,368.3100,10.1100
2026-09-08 18:00:24,370.0000,340.0000,362.5000,366.7100,9.9200
2026-09-08 18:00:24,370.0000,340.0000,362.5000,366.7100,9.9200
2026-09-08 18:30:24,370.0000,340.0000,362.5000,365.9900,9.8900
2026-09-08 18:30:24,370.0000,340.0000,362.5000,365.9900,9.8900
2026-09-08 19:00:25,370.0000,340.0000,362.5000,366.4400,9.9400
2026-09-08 19:00:25,370.0000,340.0000,362.5000,366.4400,9.9400
2026-09-08 19:30:25,370.0000,340.0000,362.5000,367.3300,10.0000
2026-09-08 19:30:27,370.0000,340.0000,362.5000,367.3300,10.0000
2026-09-08 20:00:22,370.0000,340.0000,362.5000,367.7400,10.0200
2026-09-08 20:00:23,370.0000,340.0000,362.5000,367.7400,10.0200
2026-09-09 12:00:59,400.0000,340.0000,362.5000,364.7000,9.8300
2026-09-09 13:00:09,400.0000,340.0000,362.5000,364.2400,9.8100
2026-09-09 13:00:10,400.0000,340.0000,362.5000,364.2400,9.8100
2026-09-09 13:13:28,400.0000,340.0000,362.5000,364.4300,9.8200
2026-09-09 13:30:20,400.0000,340.0000,362.5000,364.5000,9.8200
2026-09-09 13:30:25,400.0000,340.0000,362.5000,364.5000,9.8200
2026-09-09 14:00:21,400.0000,340.0000,367.5000,372.5300,10.7400
2026-09-09 14:12:50,400.0000,340.0000,367.5000,371.0000,10.5200
2026-09-09 14:25:26,400.0000,340.0000,367.5000,372.5700,10.5800
2026-09-09 14:30:23,400.0000,340.0000,367.5000,370.8700,10.4600
2026-09-09 14:30:25,400.0000,340.0000,367.5000,370.8700,10.4600
2026-09-09 15:00:22,400.0000,340.0000,367.5000,371.0000,10.4800
2026-09-09 15:00:23,400.0000,340.0000,367.5000,371.0000,10.4800
2026-09-09 15:30:23,400.0000,340.0000,367.5000,368.4500,10.3100
2026-09-09 15:30:23,400.0000,340.0000,367.5000,368.4500,10.3100
2026-09-09 16:00:24,400.0000,340.0000,367.5000,369.8300,10.2800
2026-09-09 16:00:25,400.0000,340.0000,367.5000,369.8300,10.2800
2026-09-09 16:30:23,400.0000,340.0000,367.5000,370.8000,10.2800
2026-09-09 16:30:23,400.0000,340.0000,367.5000,370.8000,10.2800
2026-09-09 17:00:21,400.0000,340.0000,367.5000,369.1100,10.1100
2026-09-09 17:00:24,400.0000,340.0000,367.5000,369.1100,10.1100
2026-09-09 17:30:23,400.0000,340.0000,367.5000,368.4600,10.1300
2026-09-09 17:30:23,400.0000,340.0000,367.5000,368.4600,10.1300
2026-09-09 18:00:24,400.0000,340.0000,367.5000,368.6200,10.1600
2026-09-09 18:00:24,400.0000,340.0000,367.5000,368.6200,10.1600
2026-09-09 18:30:24,400.0000,340.0000,367.5000,368.2400,10.1400
2026-09-09 18:30:24,400.0000,340.0000,367.5000,368.2400,10.1400
2026-09-09 19:00:25,400.0000,340.0000,367.5000,368.7600,10.1400
2026-09-09 19:00:26,400.0000,340.0000,367.5000,368.7600,10.1400
2026-09-09 19:30:28,400.0000,340.0000,367.5000,369.4300,10.1000
2026-09-09 20:00:29,400.0000,340.0000,367.5000,368.7500,10.0400
2026-09-10 12:12:40,400.0000,350.0000,362.5000,363.0400,9.8300
2026-09-10 12:14:56,400.0000,350.0000,362.5000,363.0400,9.8300
2026-09-10 13:00:10,400.0000,350.0000,362.5000,360.6700,9.7500
2026-09-10 13:00:10,400.0000,350.0000,362.5000,360.6700,9.7500
2026-09-10 13:30:22,400.0000,350.0000,362.5000,361.3000,9.7600
2026-09-10 13:30:23,400.0000,350.0000,362.5000,361.3000,9.7600
2026-09-10 14:00:23,370.0000,350.0000,362.5000,364.8800,9.9000
2026-09-10 14:30:22,370.0000,350.0000,367.5000,366.5000,9.8800
2026-09-10 15:00:25,370.0000,350.0000,367.5000,368.0200,9.8900
2026-09-10 15:00:26,370.0000,350.0000,367.5000,368.0200,9.8900
2026-09-10 15:30:23,370.0000,350.0000,367.5000,366.0900,9.6100
2026-09-10 15:30:23,370.0000,350.0000,367.5000,366.0900,9.6100
2026-09-10 16:00:19,370.0000,350.0000,367.5000,366.6800,9.6300
2026-09-10 16:00:20,370.0000,350.0000,367.5000,366.6800,9.6300
2026-09-10 16:30:20,370.0000,350.0000,367.5000,366.3900,9.7300
2026-09-10 16:30:21,370.0000,350.0000,367.5000,366.3900,9.7300
2026-09-10 17:00:21,370.0000,350.0000,367.5000,366.5600,9.6600
2026-09-10 17:00:21,370.0000,350.0000,367.5000,366.5600,9.6600
2026-09-10 17:30:21,370.0000,350.0000,367.5000,366.1000,9.5100
2026-09-10 17:30:21,370.0000,350.0000,367.5000,366.1000,9.5100
2026-09-10 18:00:22,370.0000,350.0000,367.5000,367.3800,9.7000
2026-09-10 18:00:23,370.0000,350.0000,367.5000,367.3800,9.7000
2026-09-10 18:30:23,370.0000,350.0000,367.5000,365.6900,9.6300
2026-09-10 18:30:24,370.0000,350.0000,367.5000,365.6900,9.6300
2026-09-10 19:00:23,370.0000,350.0000,367.5000,366.0400,9.6500
2026-09-10 19:00:24,370.0000,350.0000,367.5000,366.0400,9.6500
2026-09-10 19:30:25,370.0000,350.0000,362.5000,364.6200,9.6600
2026-09-10 19:30:26,370.0000,350.0000,362.5000,364.6200,9.6600
2026-09-10 20:00:25,370.0000,350.0000,362.5000,363.9300,9.5200
2026-09-10 20:00:26,370.0000,350.0000,362.5000,363.9300,9.5200
2026-09-11 13:00:10,370.0000,350.0000,362.5000,362.8200,9.4300
2026-09-11 13:00:10,370.0000,350.0000,362.5000,362.8200,9.4300
2026-09-11 13:30:20,370.0000,350.0000,362.5000,364.1200,9.5100
2026-09-11 13:30:20,370.0000,350.0000,362.5000,364.1200,9.5100
2026-09-11 14:00:19,370.0000,350.0000,362.5000,367.2000,9.4400
2026-09-11 14:00:19,370.0000,350.0000,362.5000,367.2000,9.4400
2026-09-11 14:30:18,370.0000,350.0000,362.5000,364.9000,9.2800
2026-09-11 14:30:18,370.0000,350.0000,362.5000,364.9000,9.2800
2026-09-11 15:00:17,370.0000,350.0000,362.5000,364.4700,9.1500
2026-09-11 15:00:18,370.0000,350.0000,362.5000,364.4700,9.1500
2026-09-11 15:30:18,370.0000,350.0000,362.5000,365.6400,9.1600
2026-09-11 15:30:22,370.0000,350.0000,362.5000,365.6400,9.1600
2026-09-11 16:00:18,370.0000,350.0000,362.5000,365.5300,9.0800
2026-09-11 16:00:23,370.0000,350.0000,362.5000,365.5300,9.0800
2026-09-11 16:30:18,370.0000,350.0000,362.5000,365.2400,8.9400
2026-09-11 16:30:18,370.0000,350.0000,362.5000,365.2400,8.9400
2026-09-11 17:00:17,370.0000,350.0000,362.5000,365.1200,8.8300
2026-09-11 17:00:18,370.0000,350.0000,362.5000,365.1200,8.8300
2026-09-11 17:30:18,370.0000,350.0000,362.5000,365.2500,8.8100
2026-09-11 18:00:19,370.0000,350.0000,362.5000,365.5400,8.8100
2026-09-11 18:00:20,370.0000,350.0000,362.5000,365.5400,8.8100
2026-09-11 18:30:19,370.0000,350.0000,362.5000,365.2400,8.7700
2026-09-11 18:30:19,370.0000,350.0000,362.5000,365.2400,8.7700
2026-09-11 19:00:20,370.0000,350.0000,362.5000,364.4500,8.8000
2026-09-11 19:00:21,370.0000,350.0000,362.5000,364.4500,8.8000
2026-09-11 19:30:23,370.0000,350.0000,362.5000,364.8000,8.8300
2026-09-11 19:30:24,370.0000,350.0000,362.5000,364.8000,8.8300
2026-09-11 20:00:24,370.0000,350.0000,362.5000,366.0900,8.8200
2026-09-11 20:00:24,370.0000,350.0000,362.5000,366.0900,8.8200
2026-09-14 07:37:35,370.0000,350.0000,362.5000,365.2500,8.7000
2026-09-14 13:00:10,370.0000,350.0000,357.5000,359.0000,8.5200
2026-09-14 13:00:10,370.0000,350.0000,357.5000,359.0000,8.5200
2026-09-14 13:30:22,370.0000,350.0000,357.5000,358.3000,8.5100
2026-09-14 13:30:22,370.0000,350.0000,357.5000,358.3000,8.5100
2026-09-14 14:00:24,370.0000,350.0000,362.5000,361.8600,10.8000
2026-09-14 14:00:24,370.0000,350.0000,362.5000,361.8600,10.8000
2026-09-14 14:30:24,370.0000,350.0000,362.5000,360.8600,10.3000
2026-09-14 14:30:26,370.0000,350.0000,362.5000,360.8600,10.3000
2026-09-14 15:00:22,370.0000,350.0000,357.5000,358.1500,10.2300
2026-09-14 15:00:23,370.0000,350.0000,357.5000,358.1500,10.2300
2026-09-14 15:30:21,370.0000,350.0000,357.5000,359.6500,10.0000
2026-09-14 15:30:23,370.0000,350.0000,357.5000,359.6500,10.0000
2026-09-14 16:00:20,370.0000,350.0000,362.5000,363.6400,10.1800
2026-09-14 16:00:23,370.0000,350.0000,362.5000,363.6400,10.1800
2026-09-14 16:30:21,370.0000,350.0000,362.5000,362.4500,10.0400
2026-09-14 16:30:21,370.0000,350.0000,362.5000,362.4500,10.0400
2026-09-14 17:00:20,370.0000,350.0000,362.5000,362.4300,10.0900
2026-09-14 17:00:22,370.0000,350.0000,362.5000,362.4300,10.0900
2026-09-14 17:30:20,370.0000,350.0000,362.5000,362.6700,10.1100
2026-09-14 17:30:20,370.0000,350.0000,362.5000,362.6700,10.1100
2026-09-14 18:00:23,370.0000,350.0000,362.5000,362.6300,10.0800
2026-09-14 18:00:24,370.0000,350.0000,362.5000,362.6300,10.0800
2026-09-14 18:30:22,370.0000,350.0000,362.5000,361.3700,10.0900
2026-09-14 18:30:25,370.0000,350.0000,362.5000,361.3700,10.0900
2026-09-14 19:00:24,370.0000,350.0000,362.5000,360.8800,10.2000
2026-09-14 19:00:25,370.0000,350.0000,362.5000,360.8800,10.2000
2026-09-14 19:30:25,370.0000,350.0000,357.5000,359.7400,10.2300
2026-09-14 19:30:26,370.0000,350.0000,357.5000,359.7400,10.2300
2026-09-14 20:00:26,370.0000,350.0000,362.5000,360.3700,10.1500
2026-09-14 20:00:27,370.0000,350.0000,362.5000,360.3700,10.1500
2026-09-15 13:00:11,370.0000,350.0000,362.5000,358.8700,10.1400
2026-09-15 13:00:11,370.0000,350.0000,362.5000,358.8700,10.1400
2026-09-15 13:30:19,370.0000,350.0000,362.5000,359.3000,10.1500
2026-09-15 13:30:20,370.0000,350.0000,362.5000,359.3000,10.1500
2026-09-15 14:00:18,370.0000,350.0000,362.5000,360.4500,10.8000
2026-09-15 14:00:20,370.0000,350.0000,362.5000,360.4500,10.8000
2026-09-15 14:30:19,370.0000,350.0000,362.5000,358.9000,10.6800
2026-09-15 14:30:19,370.0000,350.0000,362.5000,358.9000,10.6800
2026-09-15 15:00:19,370.0000,350.0000,362.5000,357.7600,10.5900
2026-09-15 15:00:20,370.0000,350.0000,362.5000,357.7600,10.5900
2026-09-15 15:30:17,370.0000,350.0000,362.5000,359.2800,10.7300
2026-09-15 15:30:21,370.0000,350.0000,362.5000,359.2800,10.7300
2026-09-15 16:00:21,370.0000,350.0000,362.5000,360.7500,10.9400
2026-09-15 16:00:21,370.0000,350.0000,362.5000,360.7500,10.9400
2026-09-15 16:30:25,370.0000,350.0000,362.5000,360.8900,11.1000
2026-09-15 16:30:25,370.0000,350.0000,362.5000,360.8900,11.1000
2026-09-15 17:00:28,370.0000,350.0000,362.5000,360.2000,10.9700
2026-09-15 17:00:28,370.0000,350.0000,362.5000,360.2000,10.9700
2026-09-15 17:30:24,370.0000,350.0000,362.5000,359.4500,10.9400
2026-09-15 17:30:26,370.0000,350.0000,362.5000,359.4500,10.9400
2026-09-15 18:00:21,370.0000,350.0000,362.5000,357.2300,11.1100
2026-09-15 18:00:22,370.0000,350.0000,362.5000,357.2300,11.1100
2026-09-15 18:30:26,370.0000,350.0000,362.5000,357.7000,11.0600
2026-09-15 18:30:27,370.0000,350.0000,362.5000,357.7000,11.0600
2026-09-15 19:00:28,370.0000,350.0000,362.5000,357.1500,11.0200
2026-09-15 19:00:28,370.0000,350.0000,362.5000,357.1500,11.0200
2026-09-15 19:30:28,370.0000,350.0000,362.5000,356.0700,10.9100
2026-09-15 19:30:29,370.0000,350.0000,362.5000,356.0700,10.9100
2026-09-15 20:00:30,370.0000,350.0000,362.5000,355.0900,10.9100
2026-09-15 20:00:31,370.0000,350.0000,362.5000,355.0900,10.9100
2026-09-16 13:00:09,370.0000,350.0000,360.0000,357.3500,10.8600
2026-09-16 13:00:09,370.0000,350.0000,360.0000,357.3500,10.8600
2026-09-16 13:30:19,370.0000,350.0000,360.0000,357.2000,10.8600
2026-09-16 13:30:19,370.0000,350.0000,360.0000,357.2000,10.8600
2026-09-16 14:00:21,370.0000,350.0000,360.0000,359.3100,11.9400
2026-09-16 14:00:21,370.0000,350.0000,360.0000,359.3100,11.9400
2026-09-16 14:30:23,370.0000,350.0000,360.0000,362.7500,12.0700
2026-09-16 14:30:24,370.0000,350.0000,360.0000,362.7500,12.0700
2026-09-16 15:00:22,370.0000,350.0000,360.0000,363.6100,11.9300
2026-09-16 15:00:23,370.0000,350.0000,360.0000,363.6100,11.9300
2026-09-16 15:30:21,370.0000,350.0000,360.0000,364.1900,11.8200
2026-09-16 16:00:23,370.0000,350.0000,360.0000,361.8100,11.4600
2026-09-16 16:00:25,370.0000,350.0000,360.0000,361.8100,11.4600
2026-09-16 16:30:31,370.0000,350.0000,360.0000,361.6800,11.2400
2026-09-16 16:30:31,370.0000,350.0000,360.0000,361.6800,11.2400
2026-09-16 17:00:31,370.0000,350.0000,360.0000,361.9900,11.3500
2026-09-16 17:00:32,370.0000,350.0000,360.0000,361.9900,11.3500
2026-09-16 17:30:26,370.0000,350.0000,360.0000,361.7300,11.3300
2026-09-16 17:30:27,370.0000,350.0000,360.0000,361.7300,11.3300
2026-09-16 18:00:27,370.0000,350.0000,360.0000,360.4000,11.3800
2026-09-16 18:00:28,370.0000,350.0000,360.0000,360.4000,11.3800
2026-09-16 18:30:31,370.0000,350.0000,360.0000,360.9800,11.1800
2026-09-16 19:00:28,370.0000,350.0000,360.0000,360.0700,11.0200
2026-09-16 19:00:29,370.0000,350.0000,360.0000,360.0700,11.0200
2026-09-16 19:30:26,370.0000,350.0000,360.0000,355.6200,11.4900
2026-09-16 19:30:32,370.0000,350.0000,360.0000,355.6200,11.4900
2026-09-16 20:00:31,370.0000,350.0000,360.0000,357.5700,11.3500
2026-09-16 20:00:31,370.0000,350.0000,360.0000,357.5700,11.3500
2026-09-17 13:00:09,370.0000,350.0000,362.5000,365.2000,11.4000
2026-09-17 13:00:09,370.0000,350.0000,362.5000,365.2000,11.4000
2026-09-17 13:30:22,370.0000,350.0000,362.5000,365.4400,11.3400
2026-09-17 13:30:24,370.0000,350.0000,362.5000,365.4400,11.3400
2026-09-17 14:00:26,370.0000,350.0000,362.5000,364.9300,12.5300
2026-09-17 14:30:19,375.0000,350.0000,362.5000,373.7600,12.4000
2026-09-17 14:30:22,375.0000,350.0000,362.5000,373.5500,12.2800
2026-09-17 15:00:18,370.0000,350.0000,362.5000,370.0000,11.2100
2026-09-17 15:00:18,370.0000,350.0000,362.5000,370.0000,11.2100
2026-09-17 15:30:20,370.0000,350.0000,362.5000,364.5000,11.7900
2026-09-17 15:30:22,370.0000,350.0000,362.5000,364.5000,11.7900
2026-09-17 16:00:22,370.0000,350.0000,362.5000,367.1900,11.3100
2026-09-17 16:00:24,370.0000,350.0000,362.5000,367.1900,11.3100
2026-09-17 16:30:22,370.0000,350.0000,362.5000,368.4200,11.1500
2026-09-17 16:30:24,370.0000,350.0000,362.5000,368.4200,11.1500
2026-09-17 17:00:23,370.0000,350.0000,362.5000,367.4800,10.6200
2026-09-17 17:00:23,370.0000,350.0000,362.5000,367.4800,10.6200
2026-09-17 17:30:24,370.0000,350.0000,362.5000,367.1300,10.5400
2026-09-17 17:30:25,370.0000,350.0000,362.5000,367.1300,10.5400
2026-09-17 18:00:28,370.0000,350.0000,362.5000,367.8900,10.8500
2026-09-17 18:00:28,370.0000,350.0000,362.5000,367.8900,10.8500
2026-09-17 18:30:25,370.0000,350.0000,362.5000,367.4100,10.6900
2026-09-17 18:30:26,370.0000,350.0000,362.5000,367.4100,10.6900
2026-09-17 19:00:21,370.0000,350.0000,362.5000,365.7600,10.9200
2026-09-17 19:00:25,370.0000,350.0000,362.5000,365.7600,10.9200
2026-09-17 19:30:22,370.0000,350.0000,362.5000,366.9700,10.8900
2026-09-17 19:30:25,370.0000,350.0000,362.5000,366.9700,10.8900
2026-09-17 20:00:23,370.0000,350.0000,362.5000,366.7000,10.7500
2026-09-17 20:00:24,370.0000,350.0000,362.5000,366.7000,10.7500
2026-09-18 04:53:39,370.0000,350.0000,362.5000,365.6100,10.5600
2026-09-18 13:00:13,370.0000,360.0000,365.0000,367.3900,10.6200
2026-09-18 13:00:13,370.0000,360.0000,365.0000,367.3900,10.6200
2026-09-18 13:30:22,370.0000,360.0000,365.0000,367.4700,10.2400
2026-09-18 13:30:24,370.0000,360.0000,365.0000,367.4700,10.2400
2026-09-18 14:00:20,370.0000,360.0000,365.0000,369.2200,16.0500
2026-09-18 14:00:20,370.0000,360.0000,365.0000,369.2200,16.0500
2026-09-18 14:30:23,370.0000,360.0000,365.0000,361.2000,15.5300
2026-09-18 14:30:24,370.0000,360.0000,365.0000,361.2000,15.5300
2026-09-18 15:00:26,370.0000,360.0000,365.0000,365.7400,14.5300
2026-09-18 15:00:27,370.0000,360.0000,365.0000,365.7400,14.5300
2026-09-18 15:30:26,370.0000,360.0000,365.0000,365.5800,12.8400
2026-09-18 15:30:27,370.0000,360.0000,365.0000,365.5800,12.8400
2026-09-18 16:00:25,370.0000,360.0000,365.0000,362.1200,15.2300
2026-09-18 16:00:25,370.0000,360.0000,365.0000,362.1200,15.2300
2026-09-18 16:30:21,370.0000,360.0000,365.0000,362.7100,15.1200
2026-09-18 17:00:21,370.0000,360.0000,365.0000,362.7500,12.4600
2026-09-18 17:00:21,370.0000,360.0000,365.0000,362.7500,12.4600
2026-09-18 17:30:22,370.0000,360.0000,365.0000,362.6200,15.1000
2026-09-18 17:30:23,370.0000,360.0000,365.0000,362.6200,15.1000
2026-09-18 18:00:23,367.5000,360.0000,365.0000,362.9200,15.8500
2026-09-18 18:30:22,367.5000,360.0000,365.0000,362.4300,15.1400
2026-09-18 18:30:22,367.5000,360.0000,365.0000,362.4300,15.1400
2026-09-18 19:00:23,367.5000,360.0000,365.0000,363.4400,16.0300
2026-09-18 19:00:23,367.5000,360.0000,365.0000,363.4400,16.0300
2026-09-18 19:30:25,367.5000,360.0000,365.0000,364.1700,19.4100
2026-09-18 19:30:25,367.5000,360.0000,365.0000,364.1700,19.4100
2026-09-18 20:00:26,367.5000,360.0000,365.0000,362.2700,22.2300
2026-09-18 20:00:26,367.5000,360.0000,365.0000,362.2700,22.2300
2026-09-21 12:41:57,370.0000,350.0000,362.5000,369.4300,8.5400
2026-09-21 13:00:09,370.0000,350.0000,362.5000,369.3200,8.5400
2026-09-21 13:00:18,370.0000,350.0000,362.5000,369.3200,8.5400
2026-09-21 13:30:17,380.0000,350.0000,362.5000,370.1700,8.5500
2026-09-21 13:30:18,380.0000,350.0000,362.5000,370.1700,8.5500
2026-09-21 14:00:16,380.0000,350.0000,362.5000,375.1300,10.9800
2026-09-21 14:00:17,380.0000,350.0000,362.5000,375.1300,10.9800
2026-09-21 14:30:18,380.0000,350.0000,362.5000,376.2500,10.7500
2026-09-21 14:30:19,380.0000,350.0000,362.5000,376.2500,10.7500
2026-09-21 15:00:21,380.0000,350.0000,362.5000,375.4200,10.4900
2026-09-21 15:00:21,380.0000,350.0000,362.5000,375.4200,10.4900
2026-09-21 15:30:23,380.0000,350.0000,362.5000,374.9400,10.3300
2026-09-21 15:30:24,380.0000,350.0000,362.5000,374.9400,10.3300
2026-09-21 16:00:24,380.0000,350.0000,362.5000,374.2500,10.3000
2026-09-21 16:00:26,380.0000,350.0000,362.5000,374.2500,10.3000
2026-09-21 16:30:24,380.0000,350.0000,362.5000,375.0300,10.2300
2026-09-21 16:30:26,380.0000,350.0000,362.5000,375.0300,10.2300
2026-09-21 17:00:25,380.0000,350.0000,362.5000,374.1200,10.1800
2026-09-21 17:30:26,380.0000,350.0000,362.5000,372.9100,10.0600
2026-09-21 17:30:27,380.0000,350.0000,362.5000,372.9100,10.0600
2026-09-21 18:00:28,380.0000,350.0000,362.5000,373.6100,10.1500
2026-09-21 18:00:29,380.0000,350.0000,362.5000,373.6100,10.1500
2026-09-21 18:30:30,380.0000,350.0000,362.5000,374.5600,10.2700
2026-09-21 18:30:30,380.0000,350.0000,362.5000,374.5600,10.2700
2026-09-21 19:00:29,380.0000,350.0000,362.5000,374.9900,10.2800
2026-09-21 19:00:29,380.0000,350.0000,362.5000,374.9900,10.2800
2026-09-21 19:30:28,380.0000,350.0000,362.5000,375.5500,10.4200
2026-09-21 19:30:29,380.0000,350.0000,362.5000,375.5500,10.4200
2026-09-21 20:00:28,380.0000,350.0000,362.5000,375.2300,10.3300
2026-09-21 20:00:28,380.0000,350.0000,362.5000,375.2300,10.3300
2026-09-22 13:00:10,380.0000,355.0000,367.5000,377.3000,10.2100
2026-09-22 13:30:20,380.0000,355.0000,367.5000,378.2900,10.2300
2026-09-22 13:30:21,380.0000,355.0000,367.5000,378.2900,10.2300
2026-09-22 14:00:20,380.0000,355.0000,367.5000,376.4100,11.0100
2026-09-22 14:00:22,380.0000,355.0000,367.5000,376.4100,11.0100
2026-09-22 14:30:20,380.0000,355.0000,367.5000,378.0800,10.6600
2026-09-22 14:30:22,380.0000,355.0000,367.5000,378.0800,10.6600
2026-09-22 15:00:21,380.0000,355.0000,367.5000,377.3400,10.5100
2026-09-22 15:00:21,380.0000,355.0000,367.5000,377.3400,10.5100
2026-09-22 15:30:20,380.0000,355.0000,367.5000,376.2500,10.0900
2026-09-22 15:30:22,380.0000,355.0000,367.5000,376.2500,10.0900
2026-09-22 16:00:21,380.0000,355.0000,367.5000,376.1100,10.0000
2026-09-22 16:00:22,380.0000,355.0000,367.5000,376.1100,10.0000
2026-09-22 16:30:23,380.0000,355.0000,367.5000,376.7000,10.1800
2026-09-22 16:30:24,380.0000,355.0000,367.5000,376.7000,10.1800
2026-09-22 17:00:22,380.0000,355.0000,367.5000,377.5100,10.2300
2026-09-22 17:00:23,380.0000,355.0000,367.5000,377.5100,10.2300
2026-09-22 17:30:23,380.0000,355.0000,367.5000,378.6300,10.3200
2026-09-22 17:30:23,380.0000,355.0000,367.5000,378.6300,10.3200
2026-09-22 18:00:25,380.0000,355.0000,367.5000,377.8900,10.0500
2026-09-22 18:30:24,380.0000,355.0000,367.5000,378.9200,10.2900
2026-09-22 18:30:29,380.0000,355.0000,367.5000,378.9200,10.2900
2026-09-22 19:00:24,380.0000,355.0000,367.5000,379.2100,10.5300
2026-09-22 19:00:26,380.0000,355.0000,367.5000,379.2100,10.5300
2026-09-22 19:30:24,380.0000,355.0000,367.5000,379.4500,10.4400
2026-09-22 19:30:24,380.0000,355.0000,367.5000,379.4500,10.4400
2026-09-22 20:00:29,380.0000,355.0000,367.5000,379.5700,10.3100
2026-09-22 20:00:29,380.0000,355.0000,367.5000,379.5700,10.3100
2026-09-23 13:00:10,380.0000,355.0000,367.5000,379.1500,10.2200
2026-09-23 13:00:10,380.0000,355.0000,367.5000,379.1500,10.2200
2026-09-23 13:30:18,380.0000,355.0000,367.5000,379.1500,10.2200
2026-09-23 13:30:19,380.0000,355.0000,367.5000,379.1500,10.2200
2026-09-23 14:00:16,380.0000,355.0000,367.5000,379.1500,10.2200
2026-09-23 14:00:17,380.0000,355.0000,367.5000,379.1500,10.2200
2026-09-23 14:30:16,380.0000,355.0000,367.5000,379.1500,10.2200
2026-09-23 14:30:17,380.0000,355.0000,367.5000,379.1500,10.2200
2026-09-23 15:00:17,380.0000,355.0000,367.5000,379.1500,10.2200
2026-09-23 15:00:17,380.0000,355.0000,367.5000,379.1500,10.2200
2026-09-23 15:30:19,380.0000,355.0000,367.5000,379.1500,10.2200
2026-09-23 16:00:18,380.0000,355.0000,367.5000,379.1500,10.2200
2026-09-23 16:00:19,380.0000,355.0000,367.5000,379.1500,10.2200
2026-09-23 16:30:17,380.0000,355.0000,367.5000,379.1500,10.2200
2026-09-23 16:30:18,380.0000,355.0000,367.5000,379.1500,10.2200
2026-09-23 17:00:19,380.0000,355.0000,367.5000,379.1500,10.2200
2026-09-23 17:00:20,380.0000,355.0000,367.5000,379.1500,10.2200
2026-09-23 17:30:19,380.0000,355.0000,367.5000,379.1500,10.2200
2026-09-23 17:30:20,380.0000,355.0000,367.5000,379.1500,10.2200
2026-09-23 18:00:19,380.0000,355.0000,367.5000,379.1500,10.2200
2026-09-23 18:00:20,380.0000,355.0000,367.5000,379.1500,10.2200
2026-09-23 18:30:20,380.0000,355.0000,367.5000,379.1500,10.2200
2026-09-23 18:30:21,380.0000,355.0000,367.5000,379.1500,10.2200
2026-09-23 19:00:18,380.0000,355.0000,367.5000,379.1500,10.2200
2026-09-23 19:00:21,380.0000,355.0000,367.5000,379.1500,10.2200
2026-09-23 19:30:17,380.0000,355.0000,367.5000,379.1500,10.2200
2026-09-23 19:30:21,380.0000,355.0000,367.5000,379.1500,10.2200
2026-09-23 20:00:20,380.0000,355.0000,367.5000,379.1500,10.2200
2026-09-23 20:00:20,380.0000,355.0000,367.5000,379.1500,10.2200
2026-09-24 13:00:08,380.0000,355.0000,367.5000,379.1500,10.2200
2026-09-24 13:00:09,380.0000,355.0000,367.5000,379.1500,10.2200
